1.048812767194476330e-05
1.058517312245099042e-05
1.068311652345501271e-05
1.078196618359048795e-05
1.088173048836991537e-05
1.098241790089598744e-05
1.108403696257951805e-05
1.118659629386402673e-05
1.129010459495701092e-05
1.139457064656800141e-05
1.150000331065342954e-05
1.160641153116839943e-05
1.171380433482541606e-05
1.182219083186012845e-05
1.193158021680415408e-05
1.204198176926506573e-05
1.215340485471358672e-05
1.226585892527807724e-05
1.237935352054635781e-05
1.249389826837497640e-05
1.260950288570593454e-05
1.272617717939099605e-05
1.284393104702360388e-05
1.296277447777850487e-05
1.308271755325914354e-05
1.320377044835288923e-05
1.332594343209419321e-05
1.344924686853570270e-05
1.357369121762746926e-05
1.369928703610427002e-05
1.382604497838114339e-05
1.395397579745722067e-05
1.408309034582790601e-05
1.421339957640550632e-05
1.434491454344838240e-05
1.447764640349868384e-05
1.461160641632877794e-05
1.474680594589641990e-05
1.488325646130877465e-05
1.502096953779534253e-05
1.515995685768990940e-05
1.530023021142156667e-05
1.544180149851489634e-05
1.558468272859942920e-05
1.572888602242843582e-05
1.587442361290711945e-05
1.602130784613038051e-05
1.616955118243011517e-05
1.631916619743226172e-05
1.647016558312358091e-05
1.662256214892835680e-05
1.677636882279499780e-05
1.693159865229276127e-05
1.708826480571857496e-05
1.724638057321410399e-05
1.740595936789319918e-05
1.756701472697971638e-05
1.772956031295589666e-05
1.789360991472138519e-05
1.805917744876293292e-05
1.822627696033496739e-05
1.839492262465104621e-05
1.856512874808636943e-05
1.873690976939139136e-05
1.891028026091668785e-05
1.908525492984912631e-05
1.926184861945950122e-05
1.944007631036170282e-05
1.961995312178353414e-05
1.980149431284928497e-05
1.998471528387419467e-05
2.016963157767085821e-05
2.035625888086774475e-05
2.054461302523991352e-05
2.073470998905202519e-05
2.092656589841381822e-05
2.112019702864807385e-05
2.131561980567128319e-05
2.151285080738707739e-05
2.171190676509253951e-05
2.191280456489753698e-05
2.211556124915718644e-05
2.232019401791757637e-05
2.252672023037486263e-05
2.273515740634786912e-05
2.294552322776429522e-05
2.315783554016071622e-05
2.337211235419641757e-05
2.358837184718126612e-05
2.380663236461770654e-05
2.402691242175702166e-05
2.424923070517001280e-05
2.447360607433218810e-05
2.470005756322364164e-05
2.492860438194369823e-05
2.515926591834056068e-05
2.539206173965597680e-05
2.562701159418515626e-05
2.586413541295202561e-05
2.610345331140001446e-05
2.634498559109845075e-05
2.658875274146478207e-05
2.683477544150268725e-05
2.708307456155632223e-05
2.733367116508075446e-05
2.758658651042880265e-05
2.784184205265440373e-05
2.809945944533265972e-05
2.835946054239674041e-05
2.862186739999176752e-05
2.888670227834585957e-05
2.915398764365849702e-05
2.942374617000633624e-05
2.969600074126668577e-05
2.997077445305876357e-05
3.024809061470292148e-05
3.052797275119799959e-05
3.081044460521696637e-05
3.109553013912103085e-05
3.138325353699242688e-05
3.167363920668592685e-05
3.196671178189939688e-05
3.226249612426352188e-05
3.256101732545080925e-05
3.286230070930415550e-05
3.316637183398509804e-05
3.347325649414191457e-05
3.378298072309784798e-05
3.409557079505950425e-05
3.441105322734572134e-05
3.472945478263707867e-05
3.505080247124618936e-05
3.537512355340899887e-05
3.570244554159732729e-05
3.603279620285276352e-05
3.636620356114214880e-05
3.670269589973491350e-05
3.704230176360235558e-05
3.738504996183913840e-05
3.773096957010719756e-05
3.808008993310224669e-05
3.843244066704313948e-05
3.878805166218422362e-05
3.914695308535097120e-05
3.950917538249903467e-05
3.987474928129704677e-05
4.024370579373324586e-05
4.061607621874627216e-05
4.099189214488026370e-05
4.137118545296457713e-05
4.175398831881824878e-05
4.214033321597948715e-05
4.253025291846046800e-05
4.292378050352756077e-05
4.332094935450731834e-05
4.372179316361839277e-05
4.412634593482971584e-05
4.453464198674506638e-05
4.494671595551434960e-05
4.536260279777181884e-05
4.578233779360149733e-05
4.620595654952997590e-05
4.663349500154701383e-05
4.706498941815396301e-05
4.750047640344050325e-05
4.793999290018978384e-05
4.838357619301230305e-05
4.883126391150883089e-05
4.928309403346254421e-05
4.973910488806070632e-05
5.019933515914618938e-05
5.066382388849906970e-05
5.113261047914855373e-05
5.160573469871559363e-05
5.208323668278642303e-05
5.256515693831723644e-05
5.305153634707052737e-05
5.354241616908305806e-05
5.403783804616601647e-05
5.453784400543751636e-05
5.504247646288781994e-05
5.555177822697751351e-05
5.606579250226898165e-05
5.658456289309150524e-05
5.710813340724027465e-05
5.763654845970956887e-05
5.816985287646056816e-05
5.870809189822396272e-05
5.925131118433775738e-05
5.979955681662061094e-05
6.035287530328102876e-05
6.091131358286263215e-05
6.147491902822606704e-05
6.204373945056764676e-05
6.261782310347524397e-05
6.319721868702168237e-05
6.378197535189600103e-05
6.437214270357299775e-05
6.496777080652123455e-05
6.556891018845012865e-05
6.617561184459622376e-05
6.678792724204917028e-05
6.740590832411773976e-05
6.802960751473623928e-05
6.865907772291165133e-05
6.929437234721198683e-05
6.993554528029609536e-05
7.058265091348548824e-05
7.123574414137836413e-05
7.189488036650637938e-05
7.256011550403452886e-05
7.323150598650443566e-05
7.390910876862159156e-05
7.459298133208694132e-05
7.528318169047298718e-05
7.597976839414528059e-05
7.668280053522917952e-05
7.739233775262276561e-05
7.810844023705608387e-05
7.883116873619708438e-05
7.956058455980501143e-05
8.029674958493130776e-05
8.103972626116873873e-05
8.178957761594903453e-05
8.254636725988955188e-05
8.331015939218947019e-05
8.408101880607583400e-05
8.485901089430002424e-05
8.564420165468510581e-05
8.643665769572449848e-05
8.723644624223241852e-05
8.804363514104660590e-05
8.885829286678387934e-05
8.968048852764889847e-05
9.051029187129664832e-05
9.134777329074921513e-05
9.219300383036731444e-05
9.304605519187703218e-05
9.390699974045237498e-05
9.477591051085402292e-05
9.565286121362500283e-05
9.653792624134358035e-05
9.743118067493411623e-05
9.833270029003615773e-05
9.924256156343261911e-05
1.001608416795374035e-04
1.010876185369429946e-04
1.020229707550286691e-04
1.029669776806298577e-04
1.039197193947692519e-04
1.048812767194500623e-04
1.058517312245123505e-04
1.068311652345525970e-04
1.078196618359073732e-04
1.088173048837016846e-04
1.098241790089624087e-04
1.108403696257977453e-04
1.118659629386428592e-04
1.129010459495727282e-04
1.139457064656826466e-04
1.150000331065369517e-04
1.160641153116866777e-04
1.171380433482568982e-04
1.182219083186040391e-04
1.193158021680443157e-04
1.204198176926534695e-04
1.215340485471386997e-04
1.226585892527836286e-04
1.237935352054664513e-04
1.249389826837526778e-04
1.260950288570623066e-04
1.272617717939129455e-04
1.284393104702390306e-04
1.296277447777880777e-04
1.308271755325944813e-04
1.320377044835319993e-04
1.332594343209450593e-04
1.344924686853601610e-04
1.357369121762778605e-04
1.369928703610458817e-04
1.382604497838146526e-04
1.395397579745754593e-04
1.408309034582823263e-04
1.421339957640583836e-04
1.434491454344871816e-04
1.447764640349902265e-04
1.461160641632911980e-04
1.474680594589676617e-04
1.488325646130912261e-04
1.502096953779569557e-04
1.515995685769026650e-04
1.530023021142192853e-04
1.544180149851526022e-04
1.558468272859979918e-04
1.572888602242880445e-04
1.587442361290749215e-04
1.602130784613075795e-04
1.616955118243049736e-04
1.631916619743264594e-04
1.647016558312396919e-04
1.662256214892874576e-04
1.677636882279539285e-04
1.693159865229315836e-04
1.708826480571897205e-04
1.724638057321450718e-04
1.740595936789360440e-04
1.756701472698012296e-04
1.772956031295630866e-04
1.789360991472180057e-04
1.805917744876335508e-04
1.822627696033539023e-04
1.839492262465147244e-04
1.856512874808679701e-04
1.873690976939182504e-04
1.891028026091712559e-04
1.908525492984956948e-04
1.926184861945994778e-04
1.944007631036215344e-04
1.961995312178398815e-04
1.980149431284974643e-04
1.998471528387466359e-04
2.016963157767133052e-04
2.035625888086822180e-04
2.054461302524039125e-04
2.073470998905250834e-04
2.092656589841430340e-04
2.112019702864856242e-04
2.131561980567177718e-04
2.151285080738757816e-04
2.171190676509304502e-04
2.191280456489804655e-04
2.211556124915769941e-04
2.232019401791809205e-04
2.252672023037538508e-04
2.273515740634839361e-04
2.294552322776482241e-04
2.315783554016124883e-04
2.337211235419695899e-04
2.358837184718181365e-04
2.380663236461826016e-04
2.402691242175758273e-04
2.424923070517058066e-04
2.447360607433276408e-04
2.470005756322421627e-04
2.492860438194427963e-04
2.515926591834114954e-04
2.539206173965657108e-04
2.562701159418575257e-04
2.586413541295262599e-04
2.610345331140061687e-04
2.634498559109905926e-04
2.658875274146539668e-04
2.683477544150330457e-04
2.708307456155694564e-04
2.733367116508138533e-04
2.758658651042943826e-04
2.784184205265504883e-04
2.809945944533330888e-04
2.835946054239739432e-04
2.862186739999242617e-04
2.888670227834652703e-04
2.915398764365917058e-04
2.942374617000701386e-04
2.969600074126737491e-04
2.997077445305945881e-04
3.024809061470362485e-04
3.052797275119870568e-04
3.081044460521767652e-04
3.109553013912175591e-04
3.138325353699316007e-04
3.167363920668666817e-04
3.196671178190014498e-04
3.226249612426427540e-04
3.256101732545157090e-04
3.286230070930492393e-04
3.316637183398587325e-04
3.347325649414270468e-04
3.378298072309864216e-04
3.409557079506030249e-04
3.441105322734652771e-04
3.472945478263789318e-04
3.505080247124701064e-04
3.537512355340982693e-04
3.570244554159816754e-04
3.603279620285360649e-04
3.636620356114299854e-04
3.670269589973577137e-04
3.704230176360322159e-04
3.738504996184001524e-04
3.773096957010807712e-04
3.808008993310313438e-04
3.843244066704403937e-04
3.878805166218512622e-04
3.914695308535187787e-04
3.950917538249995218e-04
3.987474928129797376e-04
4.024370579373417827e-04
4.061607621874720729e-04
4.099189214488120560e-04
4.137118545296552988e-04
4.175398831881920966e-04
4.214033321598045887e-04
4.253025291846145462e-04
4.292378050352855688e-04
4.332094935450831580e-04
4.372179316361940243e-04
4.412634593483073363e-04
4.453464198674608960e-04
4.494671595551538094e-04
4.536260279777285832e-04
4.578233779360254088e-04
4.620595654953103706e-04
4.663349500154808855e-04
4.706498941815504314e-04
4.750047640344159830e-04
4.793999290019088024e-04
4.838357619301340623e-04
4.883126391150994627e-04
4.928309403346366364e-04
4.973910488806184338e-04
5.019933515914734405e-04
5.066382388850023928e-04
5.113261047914974093e-04
5.160573469871679439e-04
5.208323668278762785e-04
5.256515693831845075e-04
5.305153634707175658e-04
5.354241616908429540e-04
5.403783804616726872e-04
5.453784400543879030e-04
5.504247646288910065e-04
5.555177822697880642e-04
5.606579250227028540e-04
5.658456289309283203e-04
5.710813340724160822e-04
5.763654845971092006e-04
5.816985287646192883e-04
5.870809189822532746e-04
5.925131118433913432e-04
5.979955681662200550e-04
6.035287530328243416e-04
6.091131358286405381e-04
6.147491902822750090e-04
6.204373945056909688e-04
6.261782310347671849e-04
6.319721868702317044e-04
6.378197535189751620e-04
6.437214270357451834e-04
6.496777080652276328e-04
6.556891018845167635e-04
6.617561184459777417e-04
6.678792724205072882e-04
6.740590832411931998e-04
6.802960751473783848e-04
6.865907772291327763e-04
6.929437234721361584e-04
6.993554528029773251e-04
7.058265091348714165e-04
7.123574414138004194e-04
7.189488036650807344e-04
7.256011550403623648e-04
7.323150598650614599e-04
7.390910876862332628e-04
7.459298133208868689e-04
7.528318169047475443e-04
7.597976839414707223e-04
7.668280053523098471e-04
7.739233775262458707e-04
7.810844023705792701e-04
7.883116873619893565e-04
7.956058455980687897e-04
8.029674958493318885e-04
8.103972626117063880e-04
8.178957761595094002e-04
8.254636725989147363e-04
8.331015939219140820e-04
8.408101880607778827e-04
8.485901089430199478e-04
8.564420165468709803e-04
8.643665769572652594e-04
8.723644624223445953e-04
8.804363514104867131e-04
8.885829286678596914e-04
8.968048852765100453e-04
9.051029187129877064e-04
9.134777329075136456e-04
9.219300383036949098e-04
9.304605519187923853e-04
9.390699974045459489e-04
9.477591051085627535e-04
9.565286121362726610e-04
9.653792624134587344e-04
9.743118067493643101e-04
9.833270029003847792e-04
9.924256156343496098e-04
1.001608416795397860e-03
1.010876185369453907e-03
1.020229707550310977e-03
1.029669776806323243e-03
1.039197193947717212e-03
1.048812767194525451e-03
1.058517312245148712e-03
1.068311652345551449e-03
1.078196618359099400e-03
1.088173048837042705e-03
1.098241790089650406e-03
1.108403696258003935e-03
1.118659629386455209e-03
1.129010459495754116e-03
1.139457064656853626e-03
1.150000331065396866e-03
1.160641153116894614e-03
1.171380433482596900e-03
1.182219083186068689e-03
1.193158021680471807e-03
1.204198176926563318e-03
1.215340485471416189e-03
1.226585892527865722e-03
1.237935352054694328e-03
1.249389826837556811e-03
1.260950288570653098e-03
1.272617717939159921e-03
1.284393104702421205e-03
1.296277447777911731e-03
1.308271755325975984e-03
1.320377044835351326e-03
1.332594343209482198e-03
1.344924686853633594e-03
1.357369121762810969e-03
1.369928703610491559e-03
1.382604497838179486e-03
1.395397579745787878e-03
1.408309034582856927e-03
1.421339957640617609e-03
1.434491454344905860e-03
1.447764640349936960e-03
1.461160641632947054e-03
1.474680594589711799e-03
1.488325646130947769e-03
1.502096953779605065e-03
1.515995685769062646e-03
1.530023021142228740e-03
1.544180149851562614e-03
1.558468272860016619e-03
1.572888602242917796e-03
1.587442361290787108e-03
1.602130784613114067e-03
1.616955118243088279e-03
1.631916619743303517e-03
1.647016558312436275e-03
1.662256214892914204e-03
1.677636882279578967e-03
1.693159865229356331e-03
1.708826480571938025e-03
1.724638057321492080e-03
1.740595936789402290e-03
1.756701472698054579e-03
1.772956031295673529e-03
1.789360991472223371e-03
1.805917744876379093e-03
1.822627696033583041e-03
1.839492262465192022e-03
1.856512874808724858e-03
1.873690976939227986e-03
1.891028026091758421e-03
1.908525492985003189e-03
1.926184861946041290e-03
1.944007631036262290e-03
1.961995312178446086e-03
1.980149431285022511e-03
1.998471528387514226e-03
2.016963157767181353e-03
2.035625888086871078e-03
2.054461302524088727e-03
2.073470998905300924e-03
2.092656589841480810e-03
2.112019702864907471e-03
2.131561980567229109e-03
2.151285080738809911e-03
2.171190676509356706e-03
2.191280456489857510e-03
2.211556124915823283e-03
2.232019401791863686e-03
2.252672023037592935e-03
2.273515740634894384e-03
2.294552322776537753e-03
2.315783554016181099e-03
2.337211235419752332e-03
2.358837184718238014e-03
2.380663236461883370e-03
2.402691242175816061e-03
2.424923070517116721e-03
2.447360607433335389e-03
2.470005756322481150e-03
2.492860438194488028e-03
2.515926591834175344e-03
2.539206173965718148e-03
2.562701159418636840e-03
2.586413541295324615e-03
2.610345331140124462e-03
2.634498559109969135e-03
2.658875274146603202e-03
2.683477544150394967e-03
2.708307456155759942e-03
2.733367116508204128e-03
2.758658651043010071e-03
2.784184205265571345e-03
2.809945944533398000e-03
2.835946054239807303e-03
2.862186739999311030e-03
2.888670227834721875e-03
2.915398764365987206e-03
2.942374617000772293e-03
2.969600074126808615e-03
2.997077445306017655e-03
3.024809061470434910e-03
3.052797275119943643e-03
3.081044460521840944e-03
3.109553013912249534e-03
3.138325353699390492e-03
3.167363920668742061e-03
3.196671178190090609e-03
3.226249612426504952e-03
3.256101732545234936e-03
3.286230070930571540e-03
3.316637183398667230e-03
3.347325649414350807e-03
3.378298072309945856e-03
3.409557079506112323e-03
3.441105322734735929e-03
3.472945478263873235e-03
3.505080247124785307e-03
3.537512355341068671e-03
3.570244554159903490e-03
3.603279620285448469e-03
3.636620356114388976e-03
3.670269589973667018e-03
3.704230176360413015e-03
3.738504996184092814e-03
3.773096957010900303e-03
3.808008993310407330e-03
3.843244066704498262e-03
3.878805166218608682e-03
3.914695308535285148e-03
3.950917538250092904e-03
3.987474928129895388e-03
4.024370579373517248e-03
4.061607621874820800e-03
4.099189214488221933e-03
4.137118545296655445e-03
4.175398831882024507e-03
4.214033321598150729e-03
4.253025291846250847e-03
4.292378050352961723e-03
4.332094935450938808e-03
4.372179316362048880e-03
4.412634593483183085e-03
4.453464198674720632e-03
4.494671595551650960e-03
4.536260279777400324e-03
4.578233779360369772e-03
4.620595654953220041e-03
4.663349500154925949e-03
4.706498941815622818e-03
4.750047640344278767e-03
4.793999290019209346e-03
4.838357619301463138e-03
4.883126391151118226e-03
4.928309403346491264e-03
4.973910488806309455e-03
5.019933515914860173e-03
5.066382388850151214e-03
5.113261047915102463e-03
5.160573469871808892e-03
5.208323668278893107e-03
5.256515693831977781e-03
5.305153634707309232e-03
5.354241616908565066e-03
5.403783804616862398e-03
5.453784400544015205e-03
5.504247646289048626e-03
5.555177822698019637e-03
5.606579250227169270e-03
5.658456289309424583e-03
5.710813340724303286e-03
5.763654845971235771e-03
5.816985287646338383e-03
5.870809189822679547e-03
5.925131118434062184e-03
5.979955681662351037e-03
6.035287530328394337e-03
6.091131358286558037e-03
6.147491902822902962e-03
6.204373945057063862e-03
6.261782310347826022e-03
6.319721868702472302e-03
6.378197535189909263e-03
6.437214270357611429e-03
6.496777080652438308e-03
6.556891018845329398e-03
6.617561184459941348e-03
6.678792724205238548e-03
6.740590832412099616e-03
6.802960751473952766e-03
6.865907772291498200e-03
6.929437234721533972e-03
6.993554528029946940e-03
7.058265091348888721e-03
7.123574414138179184e-03
7.189488036650983419e-03
7.256011550403800373e-03
7.323150598650793493e-03
7.390910876862512822e-03
7.459298133209050184e-03
7.528318169047658673e-03
7.597976839414891104e-03
7.668280053523284304e-03
7.739233775262647358e-03
7.810844023705981569e-03
7.883116873620085036e-03
7.956058455980880018e-03
8.029674958493514259e-03
8.103972626117261421e-03
8.178957761595294362e-03
8.254636725989349458e-03
8.331015939219345301e-03
8.408101880607985260e-03
8.485901089430406344e-03
8.564420165468919488e-03
8.643665769572862062e-03
8.723644624223656288e-03
8.804363514105078767e-03
8.885829286678810501e-03
8.968048852765315992e-03
9.051029187130094772e-03
9.134777329075355681e-03
9.219300383037171143e-03
9.304605519188146115e-03
9.390699974045685003e-03
9.477591051085854784e-03
9.565286121362957111e-03
9.653792624134819797e-03
9.743118067493877071e-03
9.833270029004085450e-03
9.924256156343735924e-03
1.001608416795421973e-02
1.010876185369478410e-02
1.020229707550335610e-02
1.029669776806347962e-02
1.039197193947742279e-02
1.048812767194550952e-02
1.058517312245174473e-02
1.068311652345577296e-02
1.078196618359125551e-02
1.088173048837069029e-02
1.098241790089676817e-02
1.108403696258030736e-02
1.118659629386482314e-02
1.129010459495781438e-02
1.139457064656881208e-02
1.150000331065424708e-02
1.160641153116922543e-02
1.171380433482625133e-02
1.182219083186097225e-02
1.193158021680500690e-02
1.204198176926592721e-02
1.215340485471445679e-02
1.226585892527895343e-02
1.237935352054724339e-02
1.249389826837586821e-02
1.260950288570683760e-02
1.272617717939190755e-02
1.284393104702452257e-02
1.296277447777943216e-02
1.308271755326007729e-02
1.320377044835383505e-02
1.332594343209514594e-02
1.344924686853666250e-02
1.357369121762844015e-02
1.369928703610524996e-02
1.382604497838213313e-02
1.395397579745821966e-02
1.408309034582891188e-02
1.421339957640652303e-02
1.434491454344940728e-02
1.447764640349972001e-02
1.461160641632982399e-02
1.474680594589747491e-02
1.488325646130983851e-02
1.502096953779641537e-02
1.515995685769099509e-02
1.530023021142266036e-02
1.544180149851600084e-02
1.558468272860054349e-02
1.572888602242955569e-02
1.587442361290825402e-02
1.602130784613152448e-02
1.616955118243126877e-02
1.631916619743342678e-02
1.647016558312475870e-02
1.662256214892953929e-02
1.677636882279619213e-02
1.693159865229396793e-02
1.708826480571978834e-02
1.724638057321533149e-02
1.740595936789443923e-02
1.756701472698096386e-02
1.772956031295715856e-02
1.789360991472266002e-02
1.805917744876421940e-02
1.822627696033626496e-02
1.839492262465235520e-02
1.856512874808768920e-02
1.873690976939272612e-02
1.891028026091803177e-02
1.908525492985048422e-02
1.926184861946087304e-02
1.944007631036308650e-02
1.961995312178492837e-02
1.980149431285069261e-02
1.998471528387561758e-02
2.016963157767229231e-02
2.035625888086919216e-02
2.054461302524137473e-02
2.073470998905350277e-02
2.092656589841530509e-02
2.112019702864957257e-02
2.131561980567279677e-02
2.151285080738860739e-02
2.171190676509408488e-02
2.191280456489909725e-02
2.211556124915876193e-02
2.232019401791916421e-02
2.252672023037646451e-02
2.273515740634948420e-02
2.294552322776592657e-02
2.315783554016236090e-02
2.337211235419807756e-02
2.358837184718294219e-02
2.380663236461939836e-02
2.402691242175873307e-02
2.424923070517174054e-02
2.447360607433393329e-02
2.470005756322540130e-02
2.492860438194547529e-02
2.515926591834235365e-02
2.539206173965778343e-02
2.562701159418697902e-02
2.586413541295386545e-02
2.610345331140186825e-02
2.634498559110032279e-02
2.658875274146666953e-02
2.683477544150459498e-02
2.708307456155824994e-02
2.733367116508269787e-02
2.758658651043076337e-02
2.784184205265638132e-02
2.809945944533465481e-02
2.835946054239875391e-02
2.862186739999380072e-02
2.888670227834791090e-02
2.915398764366056508e-02
2.942374617000842463e-02
2.969600074126879652e-02
2.997077445306089299e-02
3.024809061470506988e-02
3.052797275120016848e-02
3.081044460521915190e-02
3.109553013912324387e-02
3.138325353699465692e-02
3.167363920668817695e-02
3.196671178190167023e-02
3.226249612426581453e-02
3.256101732545312044e-02
3.286230070930648561e-02
3.316637183398744859e-02
3.347325649414428783e-02
3.378298072310025046e-02
3.409557079506192467e-02
3.441105322734816507e-02
3.472945478263953639e-02
3.505080247124867099e-02
3.537512355341150549e-02
3.570244554159985456e-02
3.603279620285531476e-02
3.636620356114472069e-02
3.670269589973751412e-02
3.704230176360498450e-02
3.738504996184179030e-02
3.773096957010986519e-02
3.808008993310493806e-02
3.843244066704586126e-02
3.878805166218697587e-02
3.914695308535375007e-02
3.950917538250183630e-02
3.987474928129988022e-02
4.024370579373610229e-02
4.061607621874915169e-02
4.099189214488317690e-02
4.137118545296751548e-02
4.175398831882121131e-02
4.214033321598248394e-02
4.253025291846349032e-02
4.292378050353061469e-02
4.332094935451039769e-02
4.372179316362150014e-02
4.412634593483285433e-02
4.453464198674823155e-02
4.494671595551754523e-02
4.536260279777504928e-02
4.578233779360475070e-02
4.620595654953325859e-02
4.663349500155031940e-02
4.706498941815730891e-02
4.750047640344388228e-02
4.793999290019318460e-02
4.838357619301573986e-02
4.883126391151230289e-02
4.928309403346604195e-02
4.973910488806423946e-02
5.019933515914976052e-02
5.066382388850267787e-02
5.113261047915219903e-02
5.160573469871928415e-02
5.208323668279013496e-02
5.256515693832098518e-02
5.305153634707431703e-02
5.354241616908687884e-02
5.403783804616986430e-02
5.453784400544139932e-02
5.504247646289173873e-02
5.555177822698146445e-02
5.606579250227296252e-02
5.658456289309553300e-02
5.710813340724433390e-02
5.763654845971366569e-02
5.816985287646470049e-02
5.870809189822812080e-02
5.925131118434195238e-02
5.979955681662484784e-02
6.035287530328529992e-02
6.091131358286694386e-02
6.147491902823041393e-02
6.204373945057203160e-02
6.261782310347967229e-02
6.319721868702615764e-02
6.378197535190052725e-02
6.437214270357756452e-02
6.496777080652584024e-02
6.556891018845477370e-02
6.617561184460091228e-02
6.678792724205388776e-02
6.740590832412250710e-02
6.802960751474106116e-02
6.865907772291651723e-02
6.929437234721688710e-02
6.993554528030103412e-02
7.058265091349047449e-02
7.123574414138339472e-02
7.189488036651146829e-02
7.256011550403965171e-02
7.323150598650961240e-02
7.390910876862681611e-02
7.459298133209220361e-02
7.528318169047831798e-02
7.597976839415065964e-02
7.668280053523460205e-02
7.739233775262825688e-02
7.810844023706160766e-02
7.883116873620266141e-02
7.956058455981063204e-02
8.029674958493698833e-02
8.103972626117447731e-02
8.178957761595481712e-02
8.254636725989540624e-02
8.331015939219536814e-02
8.408101880608177814e-02
8.485901089430603061e-02
8.564420165469116553e-02
8.643665769573062596e-02
8.723644624223858557e-02
8.804363514105283117e-02
8.885829286679017280e-02
8.968048852765525547e-02
9.051029187130306408e-02
9.134777329075569052e-02
9.219300383037386248e-02
9.304605519188365037e-02
9.390699974045906007e-02
9.477591051086077523e-02
9.565286121363182625e-02
9.653792624135046352e-02
9.743118067494105361e-02
9.833270029004315127e-02
9.924256156343969071e-02
1.001608416795445461e-01
1.010876185369501967e-01
1.020229707550359272e-01
1.029669776806372006e-01
1.039197193947766495e-01
1.048812767194575446e-01
1.058517312245198932e-01
1.068311652345602103e-01
1.078196618359150427e-01
1.088173048837094148e-01
1.098241790089702075e-01
1.108403696258056237e-01
1.118659629386508092e-01
1.129010459495807528e-01
1.139457064656907437e-01
1.150000331065451215e-01
1.160641153116949431e-01
1.171380433482652333e-01
1.182219083186124703e-01
1.193158021680528341e-01
1.204198176926620373e-01
1.215340485471473608e-01
1.226585892527923688e-01
1.237935352054752997e-01
1.249389826837615791e-01
1.260950288570713007e-01
1.272617717939220072e-01
1.284393104702482025e-01
1.296277447777973157e-01
1.308271755326038122e-01
1.320377044835414071e-01
1.332594343209545507e-01
1.344924686853697648e-01
1.357369121762875552e-01
1.369928703610556742e-01
1.382604497838245405e-01
1.395397579745854266e-01
1.408309034582923835e-01
1.421339957640685159e-01
1.434491454344974104e-01
1.447764640350005516e-01
1.461160641633016399e-01
1.474680594589781735e-01
1.488325646131018476e-01
1.502096953779676336e-01
1.515995685769134516e-01
1.530023021142301598e-01
1.544180149851636097e-01
1.558468272860090709e-01
1.572888602242992484e-01
1.587442361290862247e-01
1.602130784613189918e-01
1.616955118243164902e-01
1.631916619743380703e-01
1.647016558312514312e-01
1.662256214892992856e-01
1.677636882279658626e-01
1.693159865229436623e-01
1.708826480572019080e-01
1.724638057321573603e-01
1.740595936789484377e-01
1.756701472698137534e-01
1.772956031295757351e-01
1.789360991472307705e-01
1.805917744876464059e-01
1.822627696033668754e-01
1.839492262465278472e-01
1.856512874808812219e-01
1.873690976939316188e-01
1.891028026091847447e-01
1.908525492985092831e-01
1.926184861946131921e-01
1.944007631036353823e-01
1.961995312178538564e-01
1.980149431285115891e-01
1.998471528387608664e-01
2.016963157767276971e-01
2.035625888086967650e-01
2.054461302524186184e-01
2.073470998905398988e-01
2.092656589841579984e-01
2.112019702865007287e-01
2.131561980567329984e-01
2.151285080738911670e-01
2.171190676509459905e-01
2.191280456489961559e-01
2.211556124915928234e-01
2.232019401791969226e-01
2.252672023037700089e-01
2.273515740635002336e-01
2.294552322776647335e-01
2.315783554016291323e-01
2.337211235419863475e-01
2.358837184718350910e-01
2.380663236461996735e-01
2.402691242175930553e-01
2.424923070517232271e-01
2.447360607433452240e-01
2.470005756322599111e-01
2.492860438194607064e-01
2.515926591834295456e-01
2.539206173965839475e-01
2.562701159418759311e-01
2.586413541295448093e-01
2.610345331140249137e-01
2.634498559110095006e-01
2.658875274146730305e-01
2.683477544150523197e-01
2.708307456155888970e-01
2.733367116508334527e-01
2.758658651043141563e-01
2.784184205265703982e-01
2.809945944533531748e-01
2.835946054239942282e-01
2.862186739999447727e-01
2.888670227834859161e-01
2.915398764366125550e-01
2.942374617000912407e-01
2.969600074126949596e-01
2.997077445306159937e-01
3.024809061470578597e-01
3.052797275120088805e-01
3.081044460521987771e-01
3.109553013912397801e-01
3.138325353699540354e-01
3.167363920668893051e-01
3.196671178190242935e-01
3.226249612426658198e-01
3.256101732545389482e-01
3.286230070930726832e-01
3.316637183398823963e-01
3.347325649414509274e-01
3.378298072310105260e-01
3.409557079506273514e-01
3.441105322734898109e-01
3.472945478264036767e-01
3.505080247124950366e-01
3.537512355341234649e-01
3.570244554160070805e-01
3.603279620285617102e-01
3.636620356114558805e-01
3.670269589973839119e-01
3.704230176360586158e-01
3.738504996184267570e-01
3.773096957011076724e-01
3.808008993310585399e-01
3.843244066704677997e-01
3.878805166218789457e-01
3.914695308535467433e-01
3.950917538250277028e-01
3.987474928130081975e-01
4.024370579373705015e-01
4.061607621875010787e-01
4.099189214488413446e-01
4.137118545296848415e-01
4.175398831882219386e-01
4.214033321598346649e-01
4.253025291846448952e-01
4.292378050353161667e-01
4.332094935451140105e-01
4.372179316362251322e-01
4.412634593483387158e-01
4.453464198674925711e-01
4.494671595551857912e-01
4.536260279777608595e-01
4.578233779360579847e-01
4.620595654953432163e-01
4.663349500155139493e-01
4.706498941815838166e-01
4.750047640344496336e-01
4.793999290019427817e-01
4.838357619301684176e-01
4.883126391151340617e-01
4.928309403346715079e-01
4.973910488806535524e-01
5.019933515915088185e-01
5.066382388850381169e-01
5.113261047915335089e-01
5.160573469872044017e-01
5.208323668279130070e-01
5.256515693832216618e-01
5.305153634707550081e-01
5.354241616908806956e-01
5.403783804617107167e-01
5.453784400544261501e-01
5.504247646289297524e-01
5.555177822698270651e-01
5.606579250227422540e-01
5.658456289309680143e-01
5.710813340724560927e-01
5.763654845971496465e-01
5.816985287646601055e-01
5.870809189822945307e-01
5.925131118434329158e-01
5.979955681662620925e-01
6.035287530328666827e-01
6.091131358286832054e-01
6.147491902823180032e-01
6.204373945057344297e-01
6.261782310348109615e-01
6.319721868702758982e-01
6.378197535190197609e-01
6.437214270357902723e-01
6.496777080652731406e-01
6.556891018845626418e-01
6.617561184460241108e-01
6.678792724205540043e-01
6.740590832412403088e-01
6.802960751474259604e-01
6.865907772291807154e-01
6.929437234721846917e-01
6.993554528030263562e-01
7.058265091349208431e-01
7.123574414138502675e-01
7.189488036651310310e-01
7.256011550404131150e-01
7.323150598651128051e-01
7.390910876862850643e-01
7.459298133209389947e-01
7.528318169048001662e-01
7.597976839415236938e-01
7.668280053523632844e-01
7.739233775263000270e-01
7.810844023706337014e-01
7.883116873620444887e-01
7.956058455981244171e-01
8.029674958493882020e-01
8.103972626117631473e-01
8.178957761595666565e-01
8.254636725989725754e-01
8.331015939219724720e-01
8.408101880608367384e-01
8.485901089430792910e-01
8.564420165469308621e-01
8.643665769573255497e-01
8.723644624224053956e-01
8.804363514105479904e-01
8.885829286679214345e-01
8.968048852765724277e-01
9.051029187130505971e-01
9.134777329075770558e-01
9.219300383037589697e-01
9.304605519188570151e-01
9.390699974046111675e-01
9.477591051086283747e-01
9.565286121363389960e-01
9.653792624135256739e-01
9.743118067494318524e-01
9.833270029004530510e-01
9.924256156344185564e-01
1.001608416795467305e+00
1.010876185369524061e+00
1.020229707550381670e+00
1.029669776806394488e+00
1.039197193947789088e+00
1.048812767194598372e+00
1.058517312245222275e+00
1.068311652345625529e+00
1.078196618359174241e+00
1.088173048837118184e+00
1.098241790089726333e+00
1.108403696258080773e+00
1.118659629386532739e+00
1.129010459495832563e+00
1.139457064656932639e+00
1.150000331065476722e+00
1.160641153116974911e+00
1.171380433482678063e+00
1.182219083186150543e+00
1.193158021680554404e+00
1.204198176926646768e+00
1.215340485471500198e+00
1.226585892527950472e+00
1.237935352054780003e+00
1.249389826837643103e+00
1.260950288570740430e+00
1.272617717939247939e+00
1.284393104702510113e+00
1.296277447778001468e+00
1.308271755326066543e+00
1.320377044835442604e+00
1.332594343209574372e+00
1.344924686853726792e+00
1.357369121762904696e+00
1.369928703610586274e+00
1.382604497838274993e+00
1.395397579745884187e+00
1.408309034582954089e+00
1.421339957640715745e+00
1.434491454345004913e+00
1.447764640350036602e+00
1.461160641633047597e+00
1.474680594589813376e+00
1.488325646131050339e+00
1.502096953779708866e+00
1.515995685769167434e+00
1.530023021142334683e+00
1.544180149851669182e+00
1.558468272860124459e+00
1.572888602243026401e+00
1.587442361290896553e+00
1.602130784613224446e+00
1.616955118243199818e+00
1.631916619743416064e+00
1.647016558312550005e+00
1.662256214893029105e+00
1.677636882279694985e+00
1.693159865229473260e+00
1.708826480572056106e+00
1.724638057321611129e+00
1.740595936789522291e+00
1.756701472698175559e+00
1.772956031295795709e+00
1.789360991472346507e+00
1.805917744876503361e+00
1.822627696033708666e+00
1.839492262465318495e+00
1.856512874808852631e+00
1.873690976939356823e+00
1.891028026091888581e+00
1.908525492985134298e+00
1.926184861946173887e+00
1.944007631036396289e+00
1.961995312178581363e+00
1.980149431285159078e+00
1.998471528387652185e+00
2.016963157767320602e+00
2.035625888087011504e+00
2.054461302524230426e+00
2.073470998905443619e+00
2.092656589841625170e+00
2.112019702865052917e+00
2.131561980567376224e+00
2.151285080738958300e+00
2.171190676509506812e+00
2.191280456490008799e+00
2.211556124915976085e+00
2.232019401792017188e+00
2.252672023037748605e+00
2.273515740635051241e+00
2.294552322776696407e+00
2.315783554016341395e+00
2.337211235419913713e+00
2.358837184718401314e+00
2.380663236462047916e+00
2.402691242175982289e+00
2.424923070517284618e+00
2.447360607433504587e+00
2.470005756322652068e+00
2.492860438194660411e+00
2.515926591834349857e+00
2.539206173965894209e+00
2.562701159418814267e+00
2.586413541295503826e+00
2.610345331140305536e+00
2.634498559110152183e+00
2.658875274146788037e+00
2.683477544150581373e+00
2.708307456155948145e+00
2.733367116508393924e+00
2.758658651043202070e+00
2.784184205265764600e+00
2.809945944533593476e+00
2.835946054240004344e+00
2.862186739999510010e+00
2.888670227834922333e+00
2.915398764366189166e+00
2.942374617000976578e+00
2.969600074127014988e+00
2.997077445306225663e+00
3.024809061470644878e+00
3.052797275120155973e+00
3.081044460522055939e+00
3.109553013912466302e+00
3.138325353699609188e+00
3.167363920668962329e+00
3.196671178190312546e+00
3.226249612426728586e+00
3.256101732545460870e+00
3.286230070930799219e+00
3.316637183398896571e+00
3.347325649414582216e+00
3.378298072310178757e+00
3.409557079506348121e+00
3.441105322734972827e+00
3.472945478264112484e+00
3.505080247125027082e+00
3.537512355341311920e+00
3.570244554160148631e+00
3.603279620285695817e+00
3.636620356114638852e+00
3.670269589973919278e+00
3.704230176360667759e+00
3.738504996184349949e+00
3.773096957011159880e+00
3.808008993310669332e+00
3.843244066704762929e+00
3.878805166218875833e+00
3.914695308535554474e+00
3.950917538250365624e+00
3.987474928130171126e+00
4.024370579373795387e+00
4.061607621875101160e+00
4.099189214488505151e+00
4.137118545296941008e+00
4.175398831882311868e+00
4.214033321598440907e+00
4.253025291846543432e+00
4.292378050353257812e+00
4.332094935451237028e+00
4.372179316362349688e+00
4.412634593483486078e+00
4.453464198675026076e+00
4.494671595551959165e+00
4.536260279777711624e+00
4.578233779360684430e+00
4.620595654953537412e+00
4.663349500155246297e+00
4.706498941815945969e+00
4.750047640344605249e+00
4.793999290019537618e+00
4.838357619301794976e+00
4.883126391151453305e+00
4.928309403346829320e+00
4.973910488806650321e+00
5.019933515915204758e+00
5.066382388850498408e+00
5.113261047915452551e+00
5.160573469872161922e+00
5.208323668279249752e+00
5.256515693832337632e+00
5.305153634707671984e+00
5.354241616908931078e+00
5.403783804617232178e+00
5.453784400544388511e+00
5.504247646289424978e+00
5.555177822698399659e+00
5.606579250227552436e+00
5.658456289309810927e+00
5.710813340724693710e+00
5.763654845971629470e+00
5.816985287646735614e+00
5.870809189823080310e+00
5.925131118434465272e+00
5.979955681662757705e+00
6.035287530328806049e+00
6.091131358286973274e+00
6.147491902823323251e+00
6.204373945057487738e+00
6.261782310348254832e+00
6.319721868702905532e+00
6.378197535190345491e+00
6.437214270358052381e+00
6.496777080652884173e+00
6.556891018845780295e+00
6.617561184460396539e+00
6.678792724205696807e+00
6.740590832412562072e+00
6.802960751474419254e+00
6.865907772291969025e+00
6.929437234722009897e+00
6.993554528030427875e+00
7.058265091349373854e+00
7.123574414138668764e+00
7.189488036651478176e+00
7.256011550404299904e+00
7.323150598651298360e+00
7.390910876863022949e+00
7.459298133209564696e+00
