1.051738149203493384e-05
1.061469762480576301e-05
1.071291421266654447e-05
1.081203958742564223e-05
1.091208215798469492e-05
1.101305041105194796e-05
1.111495291186219596e-05
1.121779830490336929e-05
1.132159531464986644e-05
1.142635274630264560e-05
1.153207948653619431e-05
1.163878450425238529e-05
1.174647685134131202e-05
1.185516566344918673e-05
1.196486016075330441e-05
1.207556964874421677e-05
1.218730351901511608e-05
1.230007125005853917e-05
1.241388240807043374e-05
1.252874664776166846e-05
1.264467371317704944e-05
1.276167343852192448e-05
1.287975574899641897e-05
1.299893066163740533e-05
1.311920828616825832e-05
1.324059882585646740e-05
1.336311257837919939e-05
1.348675993669685371e-05
1.361155138993470170e-05
1.373749752427270320e-05
1.386460902384353429e-05
1.399289667163892944e-05
1.412237135042442124e-05
1.425304404366253345e-05
1.438492583644450873e-05
1.451802791643068470e-05
1.465236157479954346e-05
1.478793820720555341e-05
1.492476931474587613e-05
1.506286650493601615e-05
1.520224149269449847e-05
1.534290610133664487e-05
1.548487226357757952e-05
1.562815202254447570e-05
1.577275753279818593e-05
1.591870106136433522e-05
1.606599498877393488e-05
1.621465181011364583e-05
1.636468413608573524e-05
1.651610469407786225e-05
1.666892632924276037e-05
1.682316200558789111e-05
1.697882480707520113e-05
1.713592793873105384e-05
1.729448472776640679e-05
1.745450862470738715e-05
1.761601320453631291e-05
1.777901216784325786e-05
1.794351934198829600e-05
1.810954868227449986e-05
1.827711427313176052e-05
1.844623032931159198e-05
1.861691119709299433e-05
1.878917135549945043e-05
1.896302541752719134e-05
1.913848813138484270e-05
1.931557438174452619e-05
1.949429919100453162e-05
1.967467772056370162e-05
1.985672527210755980e-05
2.004045728890639205e-05
2.022588935712530498e-05
2.041303720714641052e-05
2.060191671490325848e-05
2.079254390322760209e-05
2.098493494320862829e-05
2.117910615556477510e-05
2.137507401202822386e-05
2.157285513674221902e-05
2.177246630767131361e-05
2.197392445802464887e-05
2.217724667769242048e-05
2.238245021469563982e-05
2.258955247664928175e-05
2.279857103223900525e-05
2.300952361271151465e-05
2.322242811337871395e-05
2.343730259513579996e-05
2.365416528599337547e-05
2.387303458262373499e-05
2.409392905192149929e-05
2.431686743257864937e-05
2.454186863667413973e-05
2.476895175127824306e-05
2.499813604007171476e-05
2.522944094497996004e-05
2.546288608782229515e-05
2.569849127197650944e-05
2.593627648405877901e-05
2.617626189561916578e-05
2.641846786485279011e-05
2.666291493832682248e-05
2.690962385272349102e-05
2.715861553659917578e-05
2.740991111215980336e-05
2.766353189705266714e-05
2.791949940617482237e-05
2.817783535349821508e-05
2.843856165391170777e-05
2.870170042508012355e-05
2.896727398932051899e-05
2.923530487549580762e-05
2.950581582092590680e-05
2.977882977331657065e-05
3.005436989270605133e-05
3.033245955342979536e-05
3.061312234610332063e-05
3.089638207962342326e-05
3.118226278318789711e-05
3.147078870833396942e-05
3.176198433099559475e-05
3.205587435357974284e-05
3.235248370706193095e-05
3.265183755310116352e-05
3.295396128617441455e-05
3.325888053573086277e-05
3.356662116836604224e-05
3.387720929001615912e-05
3.419067124817267632e-05
3.450703363411738940e-05
3.482632328517819737e-05
3.514856728700573745e-05
3.547379297587108059e-05
3.580202794098470432e-05
3.613330002683691261e-05
3.646763733555989222e-05
3.680506822931167683e-05
3.714562133268210000e-05
3.748932553512106930e-05
3.783620999338928331e-05
3.818630413403162880e-05
3.853963765587345463e-05
3.889624053253995262e-05
3.925614301499886241e-05
3.961937563412667632e-05
3.998596920329862219e-05
4.035595482100255959e-05
4.072936387347712156e-05
4.110622803737423053e-05
4.148657928244627307e-05
4.187044987425808933e-05
4.225787237692412953e-05
4.264887965587088587e-05
4.304350488062488455e-05
4.344178152762651567e-05
4.384374338306986366e-05
4.424942454576879570e-05
4.465885943004964701e-05
4.507208276867056396e-05
4.548912961576795898e-05
4.591003534983019251e-05
4.633483567669873274e-05
4.676356663259711831e-05
4.719626458718798148e-05
4.763296624665828782e-05
4.807370865683317828e-05
4.851852920631857672e-05
4.896746562967292844e-05
4.942055601060825292e-05
4.987783878522081553e-05
5.033935274525170298e-05
5.080513704137755307e-05
5.127523118653176410e-05
5.174967505925640076e-05
5.222850890708514207e-05
5.271177334995750179e-05
5.319950938366468045e-05
5.369175838332723185e-05
5.418856210690502532e-05
5.468996269873956464e-05
5.519600269312912433e-05
5.570672501793701517e-05
5.622217299823317532e-05
5.674239035996947342e-05
5.726742123368902846e-05
5.779731015826985828e-05
5.833210208470312081e-05
5.887184237990640898e-05
5.941657683057221444e-05
5.996635164705206827e-05
6.052121346727664335e-05
6.108120936071205552e-05
6.164638683235285142e-05
6.221679382675182537e-05
6.279247873208732922e-05
6.337349038426797376e-05
6.395987807107547359e-05
6.455169153634576437e-05
6.514898098418885324e-05
6.575179708324763270e-05
6.636019097099620011e-05
6.697421425807784546e-05
6.759391903268330368e-05
6.821935786496935287e-05
6.885058381151849013e-05
6.948765041983968524e-05
7.013061173291094377e-05
7.077952229376376113e-05
7.143443715011010440e-05
7.209541185901216596e-05
7.276250249159524125e-05
7.343576563780444897e-05
7.411525841120515819e-05
7.480103845382807097e-05
7.549316394105904196e-05
7.619169358657412272e-05
7.689668664732034588e-05
7.760820292854250649e-05
7.832630278885652350e-05
7.905104714536972000e-05
7.978249747884844252e-05
8.052071583893358848e-05
8.126576484940432638e-05
8.201770771349049674e-05
8.277660821923423580e-05
8.354253074490116076e-05
8.431554026444164525e-05
8.509570235300263207e-05
8.588308319249040354e-05
8.667774957718493267e-05
8.747976891940601862e-05
8.828920925523196523e-05
8.910613925027119581e-05
8.993062820548714279e-05
9.076274606307718502e-05
9.160256341240587629e-05
9.245015149599314309e-05
9.330558221555779012e-05
9.416892813811707263e-05
9.504026250214256595e-05
9.591965922377309120e-05
9.680719290308506303e-05
9.770293883042092346e-05
9.860697299277608203e-05
9.951937208024495851e-05
1.004402134925266296e-04
1.013695753454908386e-04
1.023075364778045578e-04
1.032541764576199302e-04
1.042095755893241734e-04
1.051738149203518253e-04
1.061469762480601306e-04
1.071291421266679756e-04
1.081203958742589803e-04
1.091208215798495344e-04
1.101305041105220885e-04
1.111495291186245820e-04
1.121779830490363323e-04
1.132159531465013207e-04
1.142635274630291462e-04
1.153207948653646637e-04
1.163878450425265770e-04
1.174647685134158951e-04
1.185516566344946591e-04
1.196486016075358461e-04
1.207556964874449934e-04
1.218730351901540170e-04
1.230007125005882682e-04
1.241388240807072207e-04
1.252874664776196017e-04
1.264467371317734557e-04
1.276167343852222229e-04
1.287975574899671881e-04
1.299893066163770687e-04
1.311920828616856393e-04
1.324059882585677708e-04
1.336311257837951042e-04
1.348675993669716576e-04
1.361155138993501781e-04
1.373749752427302440e-04
1.386460902384386022e-04
1.399289667163925843e-04
1.412237135042475463e-04
1.425304404366286616e-04
1.438492583644484721e-04
1.451802791643102555e-04
1.465236157479988871e-04
1.478793820720590070e-04
1.492476931474622545e-04
1.506286650493637055e-04
1.520224149269485423e-04
1.534290610133700401e-04
1.548487226357794409e-04
1.562815202254484162e-04
1.577275753279855591e-04
1.591870106136470927e-04
1.606599498877431503e-04
1.621465181011402801e-04
1.636468413608611742e-04
1.651610469407824918e-04
1.666892632924314797e-04
1.682316200558828278e-04
1.697882480707559754e-04
1.713592793873145500e-04
1.729448472776681268e-04
1.745450862470779643e-04
1.761601320453672558e-04
1.777901216784367393e-04
1.794351934198871817e-04
1.810954868227492541e-04
1.827711427313218810e-04
1.844623032931202566e-04
1.861691119709343411e-04
1.878917135549989495e-04
1.896302541752763790e-04
1.913848813138529332e-04
1.931557438174498020e-04
1.949429919100498969e-04
1.967467772056416173e-04
1.985672527210802262e-04
2.004045728890686232e-04
2.022588935712578135e-04
2.041303720714689163e-04
2.060191671490374163e-04
2.079254390322808523e-04
2.098493494320911618e-04
2.117910615556526570e-04
2.137507401202872056e-04
2.157285513674271843e-04
2.177246630767181845e-04
2.197392445802515777e-04
2.217724667769293819e-04
2.238245021469615888e-04
2.258955247664980691e-04
2.279857103223953245e-04
2.300952361271204184e-04
2.322242811337924657e-04
2.343730259513634138e-04
2.365416528599392028e-04
2.387303458262428455e-04
2.409392905192205697e-04
2.431686743257921045e-04
2.454186863667470893e-04
2.476895175127881497e-04
2.499813604007229142e-04
2.522944094498054076e-04
2.546288608782288536e-04
2.569849127197711049e-04
2.593627648405938684e-04
2.617626189561977836e-04
2.641846786485340607e-04
2.666291493832744657e-04
2.690962385272411715e-04
2.715861553659980462e-04
2.740991111216043558e-04
2.766353189705331021e-04
2.791949940617547018e-04
2.817783535349887170e-04
2.843856165391236914e-04
2.870170042508079101e-04
2.896727398932119526e-04
2.923530487549648796e-04
2.950581582092660069e-04
2.977882977331726996e-04
3.005436989270675470e-04
3.033245955343050822e-04
3.061312234610403756e-04
3.089638207962414561e-04
3.118226278318862081e-04
3.147078870833470532e-04
3.176198433099633608e-04
3.205587435358048416e-04
3.235248370706267362e-04
3.265183755310191297e-04
3.295396128617517485e-04
3.325888053573162985e-04
3.356662116836681337e-04
3.387720929001693704e-04
3.419067124817346372e-04
3.450703363411818493e-04
3.482632328517900103e-04
3.514856728700654518e-04
3.547379297587190052e-04
3.580202794098553509e-04
3.613330002683774744e-04
3.646763733556073655e-04
3.680506822931252928e-04
3.714562133268296058e-04
3.748932553512193395e-04
3.783620999339015745e-04
3.818630413403251243e-04
3.853963765587433690e-04
3.889624053254084031e-04
3.925614301499975823e-04
3.961937563412758841e-04
3.998596920329954376e-04
4.035595482100348794e-04
4.072936387347805940e-04
4.110622803737517920e-04
4.148657928244722445e-04
4.187044987425904614e-04
4.225787237692509176e-04
4.264887965587185487e-04
4.304350488062586304e-04
4.344178152762750772e-04
4.384374338307086248e-04
4.424942454576980401e-04
4.465885943005065803e-04
4.507208276867158718e-04
4.548912961576899710e-04
4.591003534983124283e-04
4.633483567669978713e-04
4.676356663259819031e-04
4.719626458718906162e-04
4.763296624665938422e-04
4.807370865683428416e-04
4.851852920631969344e-04
4.896746562967406414e-04
4.942055601060940488e-04
4.987783878522197021e-04
5.033935274525286850e-04
5.080513704137872401e-04
5.127523118653294588e-04
5.174967505925760422e-04
5.222850890708635773e-04
5.271177334995872559e-04
5.319950938366590967e-04
5.369175838332848139e-04
5.418856210690629113e-04
5.468996269874083858e-04
5.519600269313041860e-04
5.570672501793832434e-04
5.622217299823449805e-04
5.674239035997081376e-04
5.726742123369038236e-04
5.779731015827122573e-04
5.833210208470450452e-04
5.887184237990780895e-04
5.941657683057362119e-04
5.996635164705349129e-04
6.052121346727807856e-04
6.108120936071350293e-04
6.164638683235429883e-04
6.221679382675329717e-04
6.279247873208881458e-04
6.337349038426946454e-04
6.395987807107696979e-04
6.455169153634727954e-04
6.514898098419038197e-04
6.575179708324916956e-04
6.636019097099775865e-04
6.697421425807942568e-04
6.759391903268489746e-04
6.821935786497097375e-04
6.885058381152012186e-04
6.948765041984132510e-04
7.013061173291260803e-04
7.077952229376543352e-04
7.143443715011180660e-04
7.209541185901386815e-04
7.276250249159697597e-04
7.343576563780618641e-04
7.411525841120691731e-04
7.480103845382985719e-04
7.549316394106083631e-04
7.619169358657594147e-04
7.689668664732218903e-04
7.760820292854438487e-04
7.832630278885842085e-04
7.905104714537162548e-04
7.978249747885036427e-04
8.052071583893555089e-04
8.126576484940630776e-04
8.201770771349250252e-04
8.277660821923624700e-04
8.354253074490318280e-04
8.431554026444368355e-04
8.509570235300468934e-04
8.588308319249248791e-04
8.667774957718703873e-04
8.747976891940814365e-04
8.828920925523412551e-04
8.910613925027336150e-04
8.993062820548933288e-04
9.076274606307938595e-04
9.160256341240810432e-04
9.245015149599539010e-04
9.330558221556005611e-04
9.416892813811935216e-04
9.504026250214484819e-04
9.591965922377537887e-04
9.680719290308737509e-04
9.770293883042326533e-04
9.860697299277844559e-04
9.951937208024733833e-04
1.004402134925290284e-03
1.013695753454932780e-03
1.023075364778070189e-03
1.032541764576224048e-03
1.042095755893266643e-03
1.051738149203543596e-03
1.061469762480626812e-03
1.071291421266705370e-03
1.081203958742615661e-03
1.091208215798521392e-03
1.101305041105247367e-03
1.111495291186272464e-03
1.121779830490390265e-03
1.132159531465040366e-03
1.142635274630318838e-03
1.153207948653674339e-03
1.163878450425293769e-03
1.174647685134187249e-03
1.185516566344974997e-03
1.196486016075387192e-03
1.207556964874478746e-03
1.218730351901569199e-03
1.230007125005912281e-03
1.241388240807102077e-03
1.252874664776225996e-03
1.264467371317764535e-03
1.276167343852252587e-03
1.287975574899702727e-03
1.299893066163801750e-03
1.311920828616887618e-03
1.324059882585709421e-03
1.336311257837983135e-03
1.348675993669749048e-03
1.361155138993534307e-03
1.373749752427335345e-03
1.386460902384419091e-03
1.399289667163959236e-03
1.412237135042509074e-03
1.425304404366320660e-03
1.438492583644518982e-03
1.451802791643137195e-03
1.465236157480023782e-03
1.478793820720625523e-03
1.492476931474658432e-03
1.506286650493673159e-03
1.520224149269522014e-03
1.534290610133737373e-03
1.548487226357831651e-03
1.562815202254521892e-03
1.577275753279893701e-03
1.591870106136509307e-03
1.606599498877470372e-03
1.621465181011441832e-03
1.636468413608651315e-03
1.651610469407864979e-03
1.666892632924355400e-03
1.682316200558869098e-03
1.697882480707601062e-03
1.713592793873186700e-03
1.729448472776722685e-03
1.745450862470821710e-03
1.761601320453715005e-03
1.777901216784410219e-03
1.794351934198915076e-03
1.810954868227536343e-03
1.827711427313262992e-03
1.844623032931247235e-03
1.861691119709388189e-03
1.878917135550034218e-03
1.896302541752808947e-03
1.913848813138575248e-03
1.931557438174544370e-03
1.949429919100546024e-03
1.967467772056463553e-03
1.985672527210850455e-03
2.004045728890734533e-03
2.022588935712626382e-03
2.041303720714737844e-03
2.060191671490423440e-03
2.079254390322858668e-03
2.098493494320962088e-03
2.117910615556577690e-03
2.137507401202923176e-03
2.157285513674324102e-03
2.177246630767234320e-03
2.197392445802568740e-03
2.217724667769347107e-03
2.238245021469670044e-03
2.258955247665035172e-03
2.279857103224008485e-03
2.300952361271260075e-03
2.322242811337981144e-03
2.343730259513691384e-03
2.365416528599449328e-03
2.387303458262486893e-03
2.409392905192264678e-03
2.431686743257980513e-03
2.454186863667530850e-03
2.476895175127941887e-03
2.499813604007290399e-03
2.522944094498115984e-03
2.546288608782350769e-03
2.569849127197773499e-03
2.593627648406001459e-03
2.617626189562041478e-03
2.641846786485404358e-03
2.666291493832809167e-03
2.690962385272476984e-03
2.715861553660046598e-03
2.740991111216110020e-03
2.766353189705397699e-03
2.791949940617614780e-03
2.817783535349955692e-03
2.843856165391306194e-03
2.870170042508148923e-03
2.896727398932189348e-03
2.923530487549719486e-03
2.950581582092731518e-03
2.977882977331799096e-03
3.005436989270748004e-03
3.033245955343124006e-03
3.061312234610478241e-03
3.089638207962489263e-03
3.118226278318937759e-03
3.147078870833546968e-03
3.176198433099710911e-03
3.205587435358126912e-03
3.235248370706346726e-03
3.265183755310271420e-03
3.295396128617598258e-03
3.325888053573243866e-03
3.356662116836763195e-03
3.387720929001776429e-03
3.419067124817429422e-03
3.450703363411902411e-03
3.482632328517985213e-03
3.514856728700740170e-03
3.547379297587275812e-03
3.580202794098639920e-03
3.613330002683862782e-03
3.646763733556162776e-03
3.680506822931342483e-03
3.714562133268386156e-03
3.748932553512284577e-03
3.783620999339107251e-03
3.818630413403343183e-03
3.853963765587527148e-03
3.889624053254178357e-03
3.925614301500071450e-03
3.961937563412855010e-03
3.998596920330050979e-03
4.035595482100446697e-03
4.072936387347904710e-03
4.110622803737617667e-03
4.148657928244823927e-03
4.187044987426007288e-03
4.225787237692612934e-03
4.264887965587290004e-03
4.304350488062692014e-03
4.344178152762856807e-03
4.384374338307192934e-03
4.424942454577088929e-03
4.465885943005174982e-03
4.507208276867268222e-03
4.548912961577011166e-03
4.591003534983236281e-03
4.633483567670092229e-03
4.676356663259932656e-03
4.719626458719021304e-03
4.763296624666054323e-03
4.807370865683545727e-03
4.851852920632087306e-03
4.896746562967524592e-03
4.942055601061059317e-03
4.987783878522318234e-03
5.033935274525409148e-03
5.080513704137996217e-03
5.127523118653419705e-03
5.174967505925886189e-03
5.222850890708762191e-03
5.271177334996000712e-03
5.319950938366719770e-03
5.369175838332978026e-03
5.418856210690760518e-03
5.468996269874216130e-03
5.519600269313175434e-03
5.570672501793967092e-03
5.622217299823585764e-03
5.674239035997218419e-03
5.726742123369176797e-03
5.779731015827262001e-03
5.833210208470591615e-03
5.887184237990923143e-03
5.941657683057505884e-03
5.996635164705494195e-03
6.052121346727954224e-03
6.108120936071498829e-03
6.164638683235580154e-03
6.221679382675480638e-03
6.279247873209033680e-03
6.337349038427099110e-03
6.395987807107850719e-03
6.455169153634882778e-03
6.514898098419193671e-03
6.575179708325075249e-03
6.636019097099934809e-03
6.697421425808103464e-03
6.759391903268651726e-03
6.821935786497260006e-03
6.885058381152176117e-03
6.948765041984299694e-03
7.013061173291429071e-03
7.077952229376714005e-03
7.143443715011351530e-03
7.209541185901560505e-03
7.276250249159872154e-03
7.343576563780794715e-03
7.411525841120868673e-03
7.480103845383163745e-03
7.549316394106263609e-03
7.619169358657775643e-03
7.689668664732401265e-03
7.760820292854620633e-03
7.832630278886027267e-03
7.905104714537347296e-03
7.978249747885223994e-03
8.052071583893743306e-03
8.126576484940821812e-03
8.201770771349441505e-03
8.277660821923819856e-03
8.354253074490515171e-03
8.431554026444566113e-03
8.509570235300668861e-03
8.588308319249452621e-03
8.667774957718909004e-03
8.747976891941020364e-03
8.828920925523618332e-03
8.910613925027543666e-03
8.993062820549143840e-03
9.076274606308150014e-03
9.160256341241023587e-03
9.245015149599754983e-03
9.330558221556223969e-03
9.416892813812156177e-03
9.504026250214708815e-03
9.591965922377765352e-03
9.680719290308966926e-03
9.770293883042556818e-03
9.860697299278077879e-03
9.951937208024968021e-03
1.004402134925314050e-02
1.013695753454956806e-02
1.023075364778094215e-02
1.032541764576248508e-02
1.042095755893291363e-02
1.051738149203568402e-02
1.061469762480652008e-02
1.071291421266730784e-02
1.081203958742641205e-02
1.091208215798547196e-02
1.101305041105273344e-02
1.111495291186298875e-02
1.121779830490416893e-02
1.132159531465067211e-02
1.142635274630346073e-02
1.153207948653701791e-02
1.163878450425321481e-02
1.174647685134215178e-02
1.185516566345003187e-02
1.196486016075415729e-02
1.207556964874507630e-02
1.218730351901598299e-02
1.230007125005941511e-02
1.241388240807131740e-02
1.252874664776255920e-02
1.264467371317794936e-02
1.276167343852283378e-02
1.287975574899733432e-02
1.299893066163832975e-02
1.311920828616918930e-02
1.324059882585740776e-02
1.336311257838014924e-02
1.348675993669780880e-02
1.361155138993566834e-02
1.373749752427367958e-02
1.386460902384452007e-02
1.399289667163992543e-02
1.412237135042542814e-02
1.425304404366354791e-02
1.438492583644553242e-02
1.451802791643171803e-02
1.465236157480058823e-02
1.478793820720660651e-02
1.492476931474693951e-02
1.506286650493708981e-02
1.520224149269557880e-02
1.534290610133773672e-02
1.548487226357868340e-02
1.562815202254558625e-02
1.577275753279930651e-02
1.591870106136546864e-02
1.606599498877507928e-02
1.621465181011479822e-02
1.636468413608689609e-02
1.651610469407903403e-02
1.666892632924394171e-02
1.682316200558908389e-02
1.697882480707640571e-02
1.713592793873227119e-02
1.729448472776763321e-02
1.745450862470862910e-02
1.761601320453756725e-02
1.777901216784452329e-02
1.794351934198957707e-02
1.810954868227578757e-02
1.827711427313305839e-02
1.844623032931290429e-02
1.861691119709431991e-02
1.878917135550078540e-02
1.896302541752854093e-02
1.913848813138620611e-02
1.931557438174589733e-02
1.949429919100591907e-02
1.967467772056510217e-02
1.985672527210897292e-02
2.004045728890781891e-02
2.022588935712674521e-02
2.041303720714786329e-02
2.060191671490472359e-02
2.079254390322908194e-02
2.098493494321012134e-02
2.117910615556628171e-02
2.137507401202974264e-02
2.157285513674375363e-02
2.177246630767286015e-02
2.197392445802620956e-02
2.217724667769399582e-02
2.238245021469723040e-02
2.258955247665088428e-02
2.279857103224062001e-02
2.300952361271314112e-02
2.322242811338035701e-02
2.343730259513746028e-02
2.365416528599505186e-02
2.387303458262542838e-02
2.409392905192321230e-02
2.431686743258037325e-02
2.454186863667588009e-02
2.476895175127999740e-02
2.499813604007348686e-02
2.522944094498174791e-02
2.546288608782410270e-02
2.569849127197833608e-02
2.593627648406061914e-02
2.617626189562102107e-02
2.641846786485466461e-02
2.666291493832871617e-02
2.690962385272540475e-02
2.715861553660110436e-02
2.740991111216175072e-02
2.766353189705463012e-02
2.791949940617680787e-02
2.817783535350022392e-02
2.843856165391373675e-02
2.870170042508217098e-02
2.896727398932258390e-02
2.923530487549788962e-02
2.950581582092801081e-02
2.977882977331869699e-02
3.005436989270819301e-02
3.033245955343196257e-02
3.061312234610550839e-02
3.089638207962562902e-02
3.118226278319012612e-02
3.147078870833622255e-02
3.176198433099786805e-02
3.205587435358202980e-02
3.235248370706423487e-02
3.265183755310349656e-02
3.295396128617676668e-02
3.325888053573323316e-02
3.356662116836843512e-02
3.387720929001857700e-02
3.419067124817511821e-02
3.450703363411985330e-02
3.482632328518068393e-02
3.514856728700824912e-02
3.547379297587361507e-02
3.580202794098726743e-02
3.613330002683949604e-02
3.646763733556249859e-02
3.680506822931430694e-02
3.714562133268475147e-02
3.748932553512374782e-02
3.783620999339198238e-02
3.818630413403435037e-02
3.853963765587620216e-02
3.889624053254272379e-02
3.925614301500165992e-02
3.961937563412950419e-02
3.998596920330147603e-02
4.035595482100544362e-02
4.072936387348002896e-02
4.110622803737717240e-02
4.148657928244923326e-02
4.187044987426107728e-02
4.225787237692714415e-02
4.264887965587392527e-02
4.304350488062795577e-02
4.344178152762961931e-02
4.384374338307300140e-02
4.424942454577196482e-02
4.465885943005283576e-02
4.507208276867378377e-02
4.548912961577122188e-02
4.591003534983349038e-02
4.633483567670205333e-02
4.676356663260047841e-02
4.719626458719136664e-02
4.763296624666170376e-02
4.807370865683662647e-02
4.851852920632205440e-02
4.896746562967645156e-02
4.942055601061181441e-02
4.987783878522440706e-02
5.033935274525532660e-02
5.080513704138121117e-02
5.127523118653545126e-02
5.174967505926012651e-02
5.222850890708889693e-02
5.271177334996128561e-02
5.319950938366849180e-02
5.369175838333108131e-02
5.418856210690891489e-02
5.468996269874348837e-02
5.519600269313308660e-02
5.570672501794102227e-02
5.622217299823722286e-02
5.674239035997355463e-02
5.726742123369314708e-02
5.779731015827402341e-02
5.833210208470733515e-02
5.887184237991066604e-02
5.941657683057650213e-02
5.996635164705640259e-02
6.052121346728101675e-02
6.108120936071646800e-02
6.164638683235729860e-02
6.221679382675631559e-02
6.279247873209185815e-02
6.337349038427253500e-02
6.395987807108007017e-02
6.455169153635040291e-02
6.514898098419354133e-02
6.575179708325236405e-02
6.636019097100097353e-02
6.697421425808268436e-02
6.759391903268817392e-02
6.821935786497428100e-02
6.885058381152345253e-02
6.948765041984469870e-02
7.013061173291600114e-02
7.077952229376886784e-02
7.143443715011525696e-02
7.209541185901735538e-02
7.276250249160050310e-02
7.343576563780974953e-02
7.411525841121049951e-02
7.480103845383347105e-02
7.549316394106449224e-02
7.619169358657963687e-02
7.689668664732590697e-02
7.760820292854811453e-02
7.832630278886218433e-02
7.905104714537541932e-02
7.978249747885420018e-02
8.052071583893941065e-02
8.126576484941019918e-02
8.201770771349642386e-02
8.277660821924022472e-02
8.354253074490719522e-02
8.431554026444773586e-02
8.509570235300878416e-02
8.588308319249662870e-02
8.667774957719120987e-02
8.747976891941235122e-02
8.828920925523836560e-02
8.910613925027764670e-02
8.993062820549364844e-02
9.076274606308375181e-02
9.160256341241251876e-02
9.245015149599983273e-02
9.330558221556455034e-02
9.416892813812388630e-02
9.504026250214943350e-02
9.591965922378002662e-02
9.680719290309204583e-02
9.770293883042797944e-02
9.860697299278321781e-02
9.951937208025214698e-02
1.004402134925338891e-01
1.013695753454981752e-01
1.023075364778119473e-01
1.032541764576273835e-01
1.042095755893316794e-01
1.051738149203594042e-01
1.061469762480677925e-01
1.071291421266757082e-01
1.081203958742667920e-01
1.091208215798574049e-01
1.101305041105300336e-01
1.111495291186325868e-01
1.121779830490444163e-01
1.132159531465094793e-01
1.142635274630373898e-01
1.153207948653729858e-01
1.163878450425349792e-01
1.174647685134243696e-01
1.185516566345032052e-01
1.196486016075444664e-01
1.207556964874536842e-01
1.218730351901627790e-01
1.230007125005971175e-01
1.241388240807161786e-01
1.252874664776286173e-01
1.264467371317825328e-01
1.276167343852314118e-01
1.287975574899764553e-01
1.299893066163864408e-01
1.311920828616950641e-01
1.324059882585773007e-01
1.336311257838047328e-01
1.348675993669813944e-01
1.361155138993599967e-01
1.373749752427401438e-01
1.386460902384485661e-01
1.399289667164026474e-01
1.412237135042577196e-01
1.425304404366389277e-01
1.438492583644588318e-01
1.451802791643207191e-01
1.465236157480094281e-01
1.478793820720696595e-01
1.492476931474730206e-01
1.506286650493745549e-01
1.520224149269594760e-01
1.534290610133811072e-01
1.548487226357905810e-01
1.562815202254596858e-01
1.577275753279969162e-01
1.591870106136585306e-01
1.606599498877546994e-01
1.621465181011519374e-01
1.636468413608729577e-01
1.651610469407943649e-01
1.666892632924434625e-01
1.682316200558949260e-01
1.697882480707681718e-01
1.713592793873268405e-01
1.729448472776805301e-01
1.745450862470905029e-01
1.761601320453799191e-01
1.777901216784494864e-01
1.794351934199000798e-01
1.810954868227622472e-01
1.827711427313349901e-01
1.844623032931334838e-01
1.861691119709476816e-01
1.878917135550123574e-01
1.896302541752899196e-01
1.913848813138666061e-01
1.931557438174636154e-01
1.949429919100638953e-01
1.967467772056557263e-01
1.985672527210944616e-01
2.004045728890829769e-01
2.022588935712722746e-01
2.041303720714834902e-01
2.060191671490521625e-01
2.079254390322957391e-01
2.098493494321061748e-01
2.117910615556678200e-01
2.137507401203024848e-01
2.157285513674426225e-01
2.177246630767337709e-01
2.197392445802672789e-01
2.217724667769452318e-01
2.238245021469776053e-01
2.258955247665141997e-01
2.279857103224116333e-01
2.300952361271368929e-01
2.322242811338091351e-01
2.343730259513802094e-01
2.365416528599561530e-01
2.387303458262599876e-01
2.409392905192378753e-01
2.431686743258095751e-01
2.454186863667646989e-01
2.476895175128059345e-01
2.499813604007408985e-01
2.522944094498235645e-01
2.546288608782472096e-01
2.569849127197895711e-01
2.593627648406124919e-01
2.617626189562166084e-01
2.641846786485531062e-01
2.666291493832936288e-01
2.690962385272605562e-01
2.715861553660176009e-01
2.740991111216241061e-01
2.766353189705529902e-01
2.791949940617747816e-01
2.817783535350090185e-01
2.843856165391441815e-01
2.870170042508285446e-01
2.896727398932327224e-01
2.923530487549859114e-01
2.950581582092871580e-01
2.977882977331940406e-01
3.005436989270890979e-01
3.033245955343268352e-01
3.061312234610623628e-01
3.089638207962636107e-01
3.118226278319086164e-01
3.147078870833696640e-01
3.176198433099861607e-01
3.205587435358278614e-01
3.235248370706500509e-01
3.265183755310426816e-01
3.295396128617755216e-01
3.325888053573402559e-01
3.356662116836923171e-01
3.387720929001937775e-01
3.419067124817592451e-01
3.450703363412067071e-01
3.482632328518151521e-01
3.514856728700908040e-01
3.547379297587445746e-01
3.580202794098811259e-01
3.613330002684035369e-01
3.646763733556336318e-01
3.680506822931517985e-01
3.714562133268562993e-01
3.748932553512462906e-01
3.783620999339287749e-01
3.818630413403525381e-01
3.853963765587711254e-01
3.889624053254364666e-01
3.925614301500259251e-01
3.961937563413044372e-01
3.998596920330242388e-01
4.035595482100639564e-01
4.072936387348098930e-01
4.110622803737813413e-01
4.148657928245021442e-01
4.187044987426206122e-01
4.225787237692814058e-01
4.264887965587493279e-01
4.304350488062897440e-01
4.344178152763065182e-01
4.384374338307403529e-01
4.424942454577300843e-01
4.465885943005389325e-01
4.507208276867484820e-01
4.548912961577228908e-01
4.591003534983456591e-01
4.633483567670314551e-01
4.676356663260157753e-01
4.719626458719248241e-01
4.763296624666282786e-01
4.807370865683775474e-01
4.851852920632319655e-01
4.896746562967759231e-01
4.942055601061296488e-01
4.987783878522557002e-01
5.033935274525650483e-01
5.080513704138239772e-01
5.127523118653664058e-01
5.174967505926132416e-01
5.222850890709010985e-01
5.271177334996252073e-01
5.319950938366974080e-01
5.369175838333234418e-01
5.418856210691018749e-01
5.468996269874476512e-01
5.519600269313437169e-01
5.570672501794232678e-01
5.622217299823853986e-01
5.674239035997488134e-01
5.726742123369449322e-01
5.779731015827537233e-01
5.833210208470869240e-01
5.887184237991203162e-01
5.941657683057788297e-01
5.996635164705779175e-01
6.052121346728241980e-01
6.108120936071788076e-01
6.164638683235872385e-01
6.221679382675776582e-01
6.279247873209332642e-01
6.337349038427401160e-01
6.395987807108156620e-01
6.455169153635190726e-01
6.514898098419505956e-01
6.575179708325389338e-01
6.636019097100253061e-01
6.697421425808424145e-01
6.759391903268975321e-01
6.821935786497587140e-01
6.885058381152505680e-01
6.948765041984632518e-01
7.013061173291764705e-01
7.077952229377052484e-01
7.143443715011693618e-01
7.209541185901905402e-01
7.276250249160219896e-01
7.343576563781146760e-01
7.411525841121223701e-01
7.480103845383521133e-01
7.549316394106625472e-01
7.619169358658141045e-01
7.689668664732770553e-01
7.760820292854994085e-01
7.832630278886402175e-01
7.905104714537726229e-01
7.978249747885605148e-01
8.052071583894128137e-01
8.126576484941208101e-01
8.201770771349831124e-01
8.277660821924213153e-01
8.354253074490911590e-01
8.431554026444967320e-01
8.509570235301073815e-01
8.588308319249861045e-01
8.667774957719321938e-01
8.747976891941439126e-01
8.828920925524041952e-01
8.910613925027972559e-01
8.993062820549574399e-01
9.076274606308586401e-01
9.160256341241465039e-01
9.245015149600198656e-01
9.330558221556671805e-01
9.416892813812607343e-01
9.504026250215164007e-01
9.591965922378224985e-01
9.680719290309430791e-01
9.770293883043026373e-01
9.860697299278550210e-01
9.951937208025445347e-01
1.004402134925362233e+00
1.013695753455005288e+00
1.023075364778143204e+00
1.032541764576297982e+00
1.042095755893341247e+00
1.051738149203618633e+00
1.061469762480702794e+00
1.071291421266782118e+00
1.081203958742693150e+00
1.091208215798599390e+00
1.101305041105326010e+00
1.111495291186352041e+00
1.121779830490470475e+00
1.132159531465121383e+00
1.142635274630400710e+00
1.153207948653756976e+00
1.163878450425377187e+00
1.174647685134271313e+00
1.185516566345059752e+00
1.196486016075472891e+00
1.207556964874565208e+00
1.218730351901656572e+00
1.230007125006000290e+00
1.241388240807191012e+00
1.252874664776315816e+00
1.264467371317855360e+00
1.276167343852344205e+00
1.287975574899794973e+00
1.299893066163894995e+00
1.311920828616981671e+00
1.324059882585804315e+00
1.336311257838078914e+00
1.348675993669845585e+00
1.361155138993632052e+00
1.373749752427433801e+00
1.386460902384518246e+00
1.399289667164059336e+00
1.412237135042610170e+00
1.425304404366422695e+00
1.438492583644621847e+00
1.451802791643241219e+00
1.465236157480128698e+00
1.478793820720731178e+00
1.492476931474765234e+00
1.506286650493781076e+00
1.520224149269630676e+00
1.534290610133847377e+00
1.548487226357942781e+00
1.562815202254633995e+00
1.577275753280006798e+00
1.591870106136623386e+00
1.606599498877585130e+00
1.621465181011557899e+00
1.636468413608768380e+00
1.651610469407982951e+00
1.666892632924474427e+00
1.682316200558989117e+00
1.697882480707722408e+00
1.713592793873309317e+00
1.729448472776846657e+00
1.745450862470947051e+00
1.761601320453841213e+00
1.777901216784537608e+00
1.794351934199043486e+00
1.810954868227665715e+00
1.827711427313393644e+00
1.844623032931378859e+00
1.861691119709520947e+00
1.878917135550168371e+00
1.896302541752944437e+00
1.913848813138711691e+00
1.931557438174682284e+00
1.949429919100685193e+00
1.967467772056604058e+00
1.985672527210991856e+00
2.004045728890877509e+00
2.022588935712771097e+00
2.041303720714883863e+00
2.060191671490570808e+00
2.079254390323007406e+00
2.098493494321111985e+00
2.117910615556728882e+00
2.137507401203075919e+00
2.157285513674478405e+00
2.177246630767390112e+00
2.197392445802726080e+00
2.217724667769505942e+00
2.238245021469829954e+00
2.258955247665196620e+00
2.279857103224171233e+00
2.300952361271424440e+00
2.322242811338147028e+00
2.343730259513858716e+00
2.365416528599618484e+00
2.387303458262657330e+00
2.409392905192436540e+00
2.431686743258154149e+00
2.454186863667705332e+00
2.476895175128118520e+00
2.499813604007468548e+00
2.522944094498295708e+00
2.546288608782532492e+00
2.569849127197956662e+00
2.593627648406186648e+00
2.617626189562228145e+00
2.641846786485593679e+00
2.666291493832999571e+00
2.690962385272669177e+00
2.715861553660240180e+00
2.740991111216306120e+00
2.766353189705595295e+00
2.791949940617813652e+00
2.817783535350156576e+00
2.843856165391508650e+00
2.870170042508353170e+00
2.896727398932395836e+00
2.923530487549927503e+00
2.950581582092941080e+00
2.977882977332010572e+00
3.005436989270962034e+00
3.033245955343339961e+00
3.061312234610696237e+00
3.089638207962709160e+00
3.118226278319159661e+00
3.147078870833770914e+00
3.176198433099937102e+00
3.205587435358354220e+00
3.235248370706576448e+00
3.265183755310503422e+00
3.295396128617832154e+00
3.325888053573480274e+00
3.356662116837001442e+00
3.387720929002016934e+00
3.419067124817672720e+00
3.450703363412147340e+00
3.482632328518232345e+00
3.514856728700989752e+00
3.547379297587528235e+00
3.580202794098894969e+00
3.613330002684119968e+00
3.646763733556422249e+00
3.680506822931604471e+00
3.714562133268650701e+00
3.748932553512551724e+00
3.783620999339377011e+00
3.818630413403615531e+00
3.853963765587801849e+00
3.889624053254455927e+00
3.925614301500351289e+00
3.961937563413137742e+00
3.998596920330335980e+00
4.035595482100734266e+00
4.072936387348194742e+00
4.110622803737910225e+00
4.148657928245119031e+00
4.187044987426305376e+00
4.225787237692913756e+00
4.264887965587593754e+00
4.304350488062999247e+00
4.344178152763166878e+00
4.384374338307506669e+00
4.424942454577404760e+00
4.465885943005494241e+00
4.507208276867590513e+00
4.548912961577335601e+00
4.591003534983564727e+00
4.633483567670423575e+00
4.676356663260268220e+00
4.719626458719359263e+00
4.763296624666395473e+00
4.807370865683889605e+00
4.851852920632434341e+00
4.896746562967875249e+00
4.942055601061413839e+00
4.987783878522675352e+00
5.033935274525768833e+00
5.080513704138359010e+00
5.127523118653785517e+00
5.174967505926255207e+00
5.222850890709135108e+00
5.271177334996377084e+00
5.319950938367099980e+00
5.369175838333361206e+00
5.418856210691147091e+00
5.468996269874605964e+00
5.519600269313568397e+00
5.570672501794363463e+00
5.622217299823986103e+00
5.674239035997622693e+00
5.726742123369584547e+00
5.779731015827673346e+00
5.833210208471006908e+00
5.887184237991342606e+00
5.941657683057928629e+00
5.996635164705921284e+00
6.052121346728385198e+00
6.108120936071933293e+00
6.164638683236018935e+00
6.221679382675923797e+00
6.279247873209481412e+00
6.337349038427552372e+00
6.395987807108308942e+00
6.455169153635345047e+00
6.514898098419660499e+00
6.575179708325546102e+00
6.636019097100410491e+00
6.697421425808582462e+00
6.759391903269134971e+00
6.821935786497748566e+00
6.885058381152670215e+00
6.948765041984796831e+00
7.013061173291930572e+00
7.077952229377220128e+00
7.143443715011862594e+00
7.209541185902075711e+00
7.276250249160391981e+00
7.343576563781319955e+00
7.411525841121398450e+00
7.480103845383696992e+00
