2.105792521607192708e-07
2.125277179910758115e-07
2.144942127537849591e-07
2.164789032685038406e-07
2.184819578984529162e-07
2.205035465646982788e-07
2.225438407605663543e-07
2.246030135661916930e-07
2.266812396631997292e-07
2.287786953495249350e-07
2.308955585543666161e-07
2.330320088532826154e-07
2.351882274834229625e-07
2.373643973589044477e-07
2.395607030863272867e-07
2.417773309804354891e-07
2.440144690799223077e-07
2.462723071633814838e-07
2.485510367654065377e-07
2.508508511928386603e-07
2.531719455411653244e-07
2.555145167110703022e-07
2.578787634251369434e-07
2.602648862447060366e-07
2.626730875868895252e-07
2.651035717417420353e-07
2.675565448895904817e-07
2.700322151185251926e-07
2.725307924420517054e-07
2.750524888169065697e-07
2.775975181610379508e-07
2.801660963717523576e-07
2.827584413440296129e-07
2.853747729890067529e-07
2.880153132526337166e-07
2.906802861345009818e-07
2.933699177068415855e-07
2.960844361337092722e-07
2.988240716903338859e-07
3.015890567826555377e-07
3.043796259670401974e-07
3.071960159701770272e-07
3.100384657091604739e-07
3.129072163117573849e-07
3.158025111368625366e-07
3.187245957951428389e-07
3.216737181698725983e-07
3.246501284379619586e-07
3.276540790911794165e-07
3.306858249575710620e-07
3.337456232230779174e-07
3.368337334533531246e-07
3.399504176157813595e-07
3.430959401017014837e-07
3.462705677488354997e-07
3.494745698639243419e-07
3.527082182455735730e-07
3.559717872073102032e-07
3.592655536008532789e-07
3.625897968395989303e-07
3.659447989223239000e-07
3.693308444571074479e-07
3.727482206854747543e-07
3.761972175067643110e-07
3.796781275027201465e-07
3.831912459623116915e-07
3.867368709067837720e-07
3.903153031149376316e-07
3.939268461486467398e-07
3.975718063786077587e-07
4.012504930103306898e-07
4.049632181103687847e-07
4.087102966327916069e-07
4.124920464459027803e-07
4.163087883592051242e-07
4.201608461506154514e-07
4.240485465939304054e-07
4.279722194865476787e-07
4.319321976774425047e-07
4.359288170954038719e-07
4.399624167775314648e-07
4.440333388979967210e-07
4.481419287970697499e-07
4.522885350104147085e-07
4.564735092986566512e-07
4.606972066772214947e-07
4.649599854464525915e-07
4.692622072220054495e-07
4.736042369655242467e-07
4.779864430156013626e-07
4.824091971190243703e-07
4.868728744623115498e-07
4.913778537035392039e-07
4.959245170044637415e-07
5.005132500629409108e-07
5.051444421456443527e-07
5.098184861210883450e-07
5.145357784929545252e-07
5.192967194337279928e-07
5.241017128186443777e-07
5.289511662599504174e-07
5.338454911414831238e-07
5.387851026535669059e-07
5.437704198282352109e-07
5.488018655747766855e-07
5.538798667156119979e-07
5.590048540225007899e-07
5.641772622530846906e-07
5.693975301877681892e-07
5.746661006669411805e-07
5.799834206285449817e-07
5.853499411459865866e-07
5.907661174664044368e-07
5.962324090492862428e-07
6.017492796054464752e-07
6.073171971363626806e-07
6.129366339738767632e-07
6.186080668202635603e-07
6.243319767886694662e-07
6.301088494439262910e-07
6.359391748437417315e-07
6.418234475802716429e-07
6.477621668220767564e-07
6.537558363564676567e-07
6.598049646322416174e-07
6.659100648028146832e-07
6.720716547697527051e-07
6.782902572267060920e-07
6.845663997037498681e-07
6.909006146121347529e-07
6.972934392894522281e-07
7.037454160452169810e-07
7.102570922068723338e-07
7.168290201662198257e-07
7.234617574262791927e-07
7.301558666485825581e-07
7.369119157009047396e-07
7.437304777054365536e-07
7.506121310874030240e-07
7.575574596241322130e-07
7.645670524945768964e-07
7.716415043292956481e-07
7.787814152608960877e-07
7.859873909749443134e-07
7.932600427613459206e-07
8.005999875662025234e-07
8.080078480441474856e-07
8.154842526111670007e-07
8.230298354979083224e-07
8.306452368034828741e-07
8.383311025497660368e-07
8.460880847362003927e-07
8.539168413951046474e-07
8.618180366474958538e-07
8.697923407594269499e-07
8.778404301988467043e-07
8.859629876929842922e-07
8.941607022862665501e-07
9.024342693987694954e-07
9.107843908852122659e-07
9.192117750944955948e-07
9.277171369297919162e-07
9.363011979091912301e-07
9.449646862269082325e-07
9.537083368150557930e-07
9.625328914059895443e-07
9.714390985952311012e-07
9.804277139049698031e-07
9.894994998481567437e-07
9.986552259931880193e-07
1.007895669029188734e-06
1.017221612831899456e-06
1.026633848530174238e-06
1.036133174573092090e-06
1.045720396797690396e-06
1.055396328497324498e-06
1.065161790490661488e-06
1.075017611191308866e-06
1.084964626678091585e-06
1.095003680765976454e-06
1.105135625077654253e-06
1.115361319115783180e-06
1.125681630335902075e-06
1.136097434220016621e-06
1.146609614350868044e-06
1.157219062486887688e-06
1.167926678637846590e-06
1.178733371141203006e-06
1.189640056739158903e-06
1.200647660656426688e-06
1.211757116678718249e-06
1.222969367231958204e-06
1.234285363462230469e-06
1.245706065316465772e-06
1.257232441623873914e-06
1.268865470178131384e-06
1.280606137820328533e-06
1.292455440522682905e-06
1.304414383473030350e-06
1.316483981160094979e-06
1.328665257459549413e-06
1.340959245720871227e-06
1.353366988855003455e-06
1.365889539422824427e-06
1.378527959724438803e-06
1.391283321889293411e-06
1.404156707967126351e-06
1.417149210019758473e-06
1.430261930213734851e-06
1.443495980913821341e-06
1.456852484777368918e-06
1.470332574849548560e-06
1.483937394659469792e-06
1.497668098317185648e-06
1.511525850611599309e-06
1.525511827109271978e-06
1.539627214254148935e-06
1.553873209468205691e-06
1.568251021253027351e-06
1.582761869292325651e-06
1.597406984555407630e-06
1.612187609401598908e-06
1.627104997685634286e-06
1.642160414864023477e-06
1.657355138102401100e-06
1.672690456383870241e-06
1.688167670618347631e-06
1.703788093752921025e-06
1.719553050883228533e-06
1.735463879365866451e-06
1.751521928931839589e-06
1.767728561801060640e-06
1.784085152797906862e-06
1.800593089467850165e-06
1.817253772195161653e-06
1.834068614321708632e-06
1.851039042266850004e-06
1.868166495648440220e-06
1.885452427404954066e-06
1.902898303918740332e-06
1.920505605140416862e-06
1.938275824714414807e-06
1.956210470105689042e-06
1.974311062727594515e-06
1.992579138070950989e-06
2.011016245834299767e-06
2.029623950055366170e-06
2.048403829243738778e-06
2.067357476514775599e-06
2.086486499724749021e-06
2.105792521607242259e-06
2.125277179910808302e-06
2.144942127537900254e-06
2.164789032685089598e-06
2.184819578984580831e-06
2.205035465647034774e-06
2.225438407605715795e-06
2.246030135661969710e-06
2.266812396632050178e-06
2.287786953495302448e-06
2.308955585543719736e-06
2.330320088532879835e-06
2.351882274834283994e-06
2.373643973589099322e-06
2.395607030863328030e-06
2.417773309804411112e-06
2.440144690799279616e-06
2.462723071633871695e-06
2.485510367654122657e-06
2.508508511928444519e-06
2.531719455411711584e-06
2.555145167110762209e-06
2.578787634251429044e-06
2.602648862447120188e-06
2.626730875868955921e-06
2.651035717417481339e-06
2.675565448895966756e-06
2.700322151185314500e-06
2.725307924420579734e-06
2.750524888169129013e-06
2.775975181610443353e-06
2.801660963717588268e-06
2.827584413440361351e-06
2.853747729890133492e-06
2.880153132526403658e-06
2.906802861345076522e-06
2.933699177068482876e-06
2.960844361337161014e-06
2.988240716903407575e-06
3.015890567826624516e-06
3.043796259670471537e-06
3.071960159701840894e-06
3.100384657091675360e-06
3.129072163117645423e-06
3.158025111368698000e-06
3.187245957951501234e-06
3.216737181698799781e-06
3.246501284379694125e-06
3.276540790911869763e-06
3.306858249575786852e-06
3.337456232230856148e-06
3.368337334533608855e-06
3.399504176157890887e-06
3.430959401017092976e-06
3.462705677488433982e-06
3.494745698639323252e-06
3.527082182455815987e-06
3.559717872073183665e-06
3.592655536008615163e-06
3.625897968396072735e-06
3.659447989223323598e-06
3.693308444571158971e-06
3.727482206854832776e-06
3.761972175067729295e-06
3.796781275027288180e-06
3.831912459623204583e-06
3.867368709067926447e-06
3.903153031149466313e-06
3.939268461486558136e-06
3.975718063786169278e-06
4.012504930103399013e-06
4.049632181103780068e-06
4.087102966328009455e-06
4.124920464459121295e-06
4.163087883592145686e-06
4.201608461506249381e-06
4.240485465939400616e-06
4.279722194865574196e-06
4.319321976774523938e-06
4.359288170954138563e-06
4.399624167775414915e-06
4.440333388980068854e-06
4.481419287970799884e-06
4.522885350104250211e-06
4.564735092986670909e-06
4.606972066772319767e-06
4.649599854464631477e-06
4.692622072220161856e-06
4.736042369655350146e-06
4.779864430156122258e-06
4.824091971190353605e-06
4.868728744623226248e-06
4.913778537035504059e-06
4.959245170044751341e-06
5.005132500629522823e-06
5.051444421456558936e-06
5.098184861210999917e-06
5.145357784929663625e-06
5.192967194337398936e-06
5.241017128186562997e-06
5.289511662599625723e-06
5.338454911414954058e-06
5.387851026535793785e-06
5.437704198282476834e-06
5.488018655747893063e-06
5.538798667156247669e-06
5.590048540225137284e-06
5.641772622530976926e-06
5.693975301877814241e-06
5.746661006669545424e-06
5.799834206285584496e-06
5.853499411460002026e-06
5.907661174664181588e-06
5.962324090493001554e-06
6.017492796054604936e-06
6.073171971363768261e-06
6.129366339738910145e-06
6.186080668202778540e-06
6.243319767886839505e-06
6.301088494439409023e-06
6.359391748437563428e-06
6.418234475802864024e-06
6.477621668220916218e-06
6.537558363564827551e-06
6.598049646322568852e-06
6.659100648028300357e-06
6.720716547697682270e-06
6.782902572267218045e-06
6.845663997037656653e-06
6.909006146121507194e-06
6.972934392894681946e-06
7.037454160452332228e-06
7.102570922068888086e-06
7.168290201662362793e-06
7.234617574262958580e-06
7.301558666485993082e-06
7.369119157009216803e-06
7.437304777054536848e-06
7.506121310874203670e-06
7.575574596241495560e-06
7.645670524945943241e-06
7.716415043293133510e-06
7.787814152609138542e-06
7.859873909749621646e-06
7.932600427613640683e-06
8.005999875662208405e-06
8.080078480441660568e-06
8.154842526111857201e-06
8.230298354979272959e-06
8.306452368035018900e-06
8.383311025497853280e-06
8.460880847362198322e-06
8.539168413951242563e-06
8.618180366475155897e-06
8.697923407594469823e-06
8.778404301988668637e-06
8.859629876930045787e-06
8.941607022862871118e-06
9.024342693987902900e-06
9.107843908852332723e-06
9.192117750945168341e-06
9.277171369298134096e-06
9.363011979092127871e-06
9.449646862269300647e-06
9.537083368150777311e-06
9.625328914060120330e-06
9.714390985952536323e-06
9.804277139049925459e-06
9.894994998481795713e-06
9.986552259932109739e-06
1.007895669029211858e-05
1.017221612831922792e-05
1.026633848530197997e-05
1.036133174573116103e-05
1.045720396797714494e-05
1.055396328497349104e-05
1.065161790490686095e-05
1.075017611191333727e-05
1.084964626678116615e-05
1.095003680766001864e-05
1.105135625077679961e-05
1.115361319115809226e-05
1.125681630335928248e-05
1.136097434220043048e-05
1.146609614350894598e-05
1.157219062486914623e-05
1.167926678637873610e-05
1.178733371141230323e-05
1.189640056739186389e-05
1.200647660656454598e-05
1.211757116678746667e-05
1.222969367231986749e-05
1.234285363462259141e-05
1.245706065316494613e-05
1.257232441623902968e-05
1.268865470178160988e-05
1.280606137820358137e-05
1.292455440522712721e-05
1.304414383473060546e-05
1.316483981160125557e-05
1.328665257459580075e-05
1.340959245720902440e-05
1.353366988855034584e-05
1.365889539422855640e-05
1.378527959724470566e-05
1.391283321889325471e-05
1.404156707967158454e-05
1.417149210019790872e-05
1.430261930213767335e-05
1.443495980913854248e-05
1.456852484777401994e-05
1.470332574849581933e-05
1.483937394659503292e-05
1.497668098317219783e-05
1.511525850611633741e-05
1.525511827109306918e-05
1.539627214254184214e-05
1.553873209468241521e-05
1.568251021253063096e-05
1.582761869292361693e-05
1.597406984555444306e-05
1.612187609401635754e-05
1.627104997685671598e-05
1.642160414864061085e-05
1.657355138102439089e-05
1.672690456383908738e-05
1.688167670618386255e-05
1.703788093752960200e-05
1.719553050883267835e-05
1.735463879365906219e-05
1.751521928931879738e-05
1.767728561801101340e-05
1.784085152797948155e-05
1.800593089467892178e-05
1.817253772195203624e-05
1.834068614321751365e-05
1.851039042266892990e-05
1.868166495648483630e-05
1.885452427404997773e-05
1.902898303918784421e-05
1.920505605140460992e-05
1.938275824714459869e-05
1.956210470105734358e-05
1.974311062727640339e-05
1.992579138070997322e-05
2.011016245834346524e-05
2.029623950055413435e-05
2.048403829243786381e-05
2.067357476514823287e-05
2.086486499724797132e-05
2.105792521607290963e-05
2.125277179910857345e-05
2.144942127537950060e-05
2.164789032685139912e-05
2.184819578984631568e-05
2.205035465647086189e-05
2.225438407605767803e-05
2.246030135662021888e-05
2.266812396632102779e-05
2.287786953495355642e-05
2.308955585543773353e-05
2.330320088532934045e-05
2.351882274834338966e-05
2.373643973589154718e-05
2.395607030863383934e-05
2.417773309804467101e-05
2.440144690799336198e-05
2.462723071633928616e-05
2.485510367654180001e-05
2.508508511928502456e-05
2.531719455411770114e-05
2.555145167110820908e-05
2.578787634251488421e-05
2.602648862447180073e-05
2.626730875869016230e-05
2.651035717417542071e-05
2.675565448896027827e-05
2.700322151185375995e-05
2.725307924420641991e-05
2.750524888169191269e-05
2.775975181610506118e-05
2.801660963717651626e-05
2.827584413440425556e-05
2.853747729890198883e-05
2.880153132526469726e-05
2.906802861345142845e-05
2.933699177068549961e-05
2.960844361337228184e-05
2.988240716903475507e-05
3.015890567826693211e-05
3.043796259670540909e-05
3.071960159701911028e-05
3.100384657091746087e-05
3.129072163117716405e-05
3.158025111368769743e-05
3.187245957951573570e-05
3.216737181698872965e-05
3.246501284379767563e-05
3.276540790911943455e-05
3.306858249575862069e-05
3.337456232230931789e-05
3.368337334533685342e-05
3.399504176157968390e-05
3.430959401017171835e-05
3.462705677488513265e-05
3.494745698639402788e-05
3.527082182455896624e-05
3.559717872073264895e-05
3.592655536008696647e-05
3.625897968396154982e-05
3.659447989223406014e-05
3.693308444571242658e-05
3.727482206854917479e-05
3.761972175067814422e-05
3.796781275027374323e-05
3.831912459623291827e-05
3.867368709068014199e-05
3.903153031149554913e-05
3.939268461486647075e-05
3.975718063786259064e-05
4.012504930103489984e-05
4.049632181103872733e-05
4.087102966328102290e-05
4.124920464459215654e-05
4.163087883592241740e-05
4.201608461506346282e-05
4.240485465939498194e-05
4.279722194865672282e-05
4.319321976774622871e-05
4.359288170954238512e-05
4.399624167775516390e-05
4.440333388980171345e-05
4.481419287970903222e-05
4.522885350104354396e-05
4.564735092986775772e-05
4.606972066772426324e-05
4.649599854464739389e-05
4.692622072220269938e-05
4.736042369655459413e-05
4.779864430156232372e-05
4.824091971190464905e-05
4.868728744623339072e-05
4.913778537035617901e-05
4.959245170044866030e-05
5.005132500629639713e-05
5.051444421456675996e-05
5.098184861211118332e-05
5.145357784929783395e-05
5.192967194337519892e-05
5.241017128186684461e-05
5.289511662599748882e-05
5.338454911415078572e-05
5.387851026535918976e-05
5.437704198282603381e-05
5.488018655748021473e-05
5.538798667156376418e-05
5.590048540225267049e-05
5.641772622531108047e-05
5.693975301877945701e-05
5.746661006669678069e-05
5.799834206285717480e-05
5.853499411460137382e-05
5.907661174664317791e-05
5.962324090493139451e-05
6.017492796054744358e-05
6.073171971363908699e-05
6.129366339739052616e-05
6.186080668202922027e-05
6.243319767886984517e-05
6.301088494439554882e-05
6.359391748437712676e-05
6.418234475803013780e-05
6.477621668221068515e-05
6.537558363564982219e-05
6.598049646322724706e-05
6.659100648028457058e-05
6.720716547697840157e-05
6.782902572267376440e-05
6.845663997037817420e-05
6.909006146121668131e-05
6.972934392894845424e-05
7.037454160452495536e-05
7.102570922069052241e-05
7.168290201662530167e-05
7.234617574263127817e-05
7.301558666486163336e-05
7.369119157009389090e-05
7.437304777054710829e-05
7.506121310874379175e-05
7.575574596241673776e-05
7.645670524946122134e-05
7.716415043293314098e-05
7.787814152609321501e-05
7.859873909749806977e-05
7.932600427613827369e-05
8.005999875662396785e-05
8.080078480441851320e-05
8.154842526112049308e-05
8.230298354979466761e-05
8.306452368035215073e-05
8.383311025498051486e-05
8.460880847362398560e-05
8.539168413951444495e-05
8.618180366475359524e-05
8.697923407594675821e-05
8.778404301988877007e-05
8.859629876930256867e-05
8.941607022863083893e-05
9.024342693988117708e-05
9.107843908852550580e-05
9.192117750945388909e-05
9.277171369298356019e-05
9.363011979092354198e-05
9.449646862269526636e-05
9.537083368151006010e-05
9.625328914060348351e-05
9.714390985952767394e-05
9.804277139050159918e-05
9.894994998482033221e-05
9.986552259932350974e-05
1.007895669029236117e-04
1.017221612831947254e-04
1.026633848530222697e-04
1.036133174573141108e-04
1.045720396797739668e-04
1.055396328497374650e-04
1.065161790490711912e-04
1.075017611191359781e-04
1.084964626678142839e-04
1.095003680766028394e-04
1.105135625077706727e-04
1.115361319115836230e-04
1.125681630335955590e-04
1.136097434220070628e-04
1.146609614350922550e-04
1.157219062486942779e-04
1.167926678637901935e-04
1.178733371141258953e-04
1.189640056739215323e-04
1.200647660656483837e-04
1.211757116678776008e-04
1.222969367232016192e-04
1.234285363462289025e-04
1.245706065316524937e-04
1.257232441623933495e-04
1.268865470178191616e-04
1.280606137820389104e-04
1.292455440522744230e-04
1.304414383473092361e-04
1.316483981160157643e-04
1.328665257459612635e-04
1.340959245720935102e-04
1.353366988855067652e-04
1.365889539422889183e-04
1.378527959724504346e-04
1.391283321889359454e-04
1.404156707967192674e-04
1.417149210019825567e-04
1.430261930213802470e-04
1.443495980913889654e-04
1.456852484777437773e-04
1.470332574849617915e-04
1.483937394659539646e-04
1.497668098317256476e-04
1.511525850611670672e-04
1.525511827109344188e-04
1.539627214254221958e-04
1.553873209468279197e-04
1.568251021253101382e-04
1.582761869292400453e-04
1.597406984555483202e-04
1.612187609401675395e-04
1.627104997685711375e-04
1.642160414864101336e-04
1.657355138102479814e-04
1.672690456383949735e-04
1.688167670618427997e-04
1.703788093753002078e-04
1.719553050883310119e-04
1.735463879365948571e-04
1.751521928931922564e-04
1.767728561801144437e-04
1.784085152797991794e-04
1.800593089467935682e-04
1.817253772195247805e-04
1.834068614321795749e-04
1.851039042266937849e-04
1.868166495648529099e-04
1.885452427405043783e-04
1.902898303918831109e-04
1.920505605140508155e-04
1.938275824714507506e-04
1.956210470105782266e-04
1.974311062727688790e-04
1.992579138071046043e-04
2.011016245834395448e-04
2.029623950055462834e-04
2.048403829243836322e-04
2.067357476514873973e-04
2.086486499724847954e-04
2.105792521607342056e-04
2.125277179910909319e-04
2.144942127538002237e-04
2.164789032685192902e-04
2.184819578984684965e-04
2.205035465647139925e-04
2.225438407605822080e-04
2.246030135662076775e-04
2.266812396632158209e-04
2.287786953495411411e-04
2.308955585543829528e-04
2.330320088532991305e-04
2.351882274834396361e-04
2.373643973589212655e-04
2.395607030863442346e-04
2.417773309804526394e-04
2.440144690799396032e-04
2.462723071633989534e-04
2.485510367654241598e-04
2.508508511928564323e-04
2.531719455411832794e-04
2.555145167110883927e-04
2.578787634251552456e-04
2.602648862447244854e-04
2.626730875869081553e-04
2.651035717417608004e-04
2.675565448896094641e-04
2.700322151185443622e-04
2.725307924420709957e-04
2.750524888169260320e-04
2.775975181610575507e-04
2.801660963717722032e-04
2.827584413440496097e-04
2.853747729890269763e-04
2.880153132526541487e-04
2.906802861345215961e-04
2.933699177068623551e-04
2.960844361337302655e-04
2.988240716903550385e-04
3.015890567826768698e-04
3.043796259670617345e-04
3.071960159701987735e-04
3.100384657091823743e-04
3.129072163117794874e-04
3.158025111368848890e-04
3.187245957951653666e-04
3.216737181698953738e-04
3.246501284379849691e-04
3.276540790912026396e-04
3.306858249575944739e-04
3.337456232231015272e-04
3.368337334533769503e-04
3.399504176158053229e-04
3.430959401017257080e-04
3.462705677488599459e-04
3.494745698639490608e-04
3.527082182455984851e-04
3.559717872073354071e-04
3.592655536008786230e-04
3.625897968396245242e-04
3.659447989223497629e-04
3.693308444571334680e-04
3.727482206855010178e-04
3.761972175067907799e-04
3.796781275027467971e-04
3.831912459623386153e-04
3.867368709068109609e-04
3.903153031149650593e-04
3.939268461486744653e-04
3.975718063786357862e-04
4.012504930103590137e-04
4.049632181103973022e-04
4.087102966328203663e-04
4.124920464459317705e-04
4.163087883592343926e-04
4.201608461506449823e-04
4.240485465939602548e-04
4.279722194865777721e-04
4.319321976774728581e-04
4.359288170954345306e-04
4.399624167775623997e-04
4.440333388980279494e-04
4.481419287971012320e-04
4.522885350104464443e-04
4.564735092986886089e-04
4.606972066772537996e-04
4.649599854464851333e-04
4.692622072220383237e-04
4.736042369655573390e-04
4.779864430156347162e-04
4.824091971190580508e-04
4.868728744623455353e-04
4.913778537035735266e-04
4.959245170044984750e-04
5.005132500629758162e-04
5.051444421456796749e-04
5.098184861211239221e-04
5.145357784929904419e-04
5.192967194337642272e-04
5.241017128186808332e-04
5.289511662599873836e-04
5.338454911415203797e-04
5.387851026536045421e-04
5.437704198282732266e-04
5.488018655748150764e-04
5.538798667156508149e-04
5.590048540225399593e-04
5.641772622531241810e-04
5.693975301878080684e-04
5.746661006669814137e-04
5.799834206285855174e-04
5.853499411460275212e-04
5.907661174664458059e-04
5.962324090493279719e-04
6.017492796054885575e-04
6.073171971364050865e-04
6.129366339739196002e-04
6.186080668203068665e-04
6.243319767887131697e-04
6.301088494439703418e-04
6.359391748437861211e-04
6.418234475803164755e-04
6.477621668221219490e-04
6.537558363565133465e-04
6.598049646322877307e-04
6.659100648028612370e-04
6.720716547697996824e-04
6.782902572267534734e-04
6.845663997037976798e-04
6.909006146121830219e-04
6.972934392895009138e-04
7.037454160452661419e-04
7.102570922069220563e-04
7.168290201662699031e-04
7.234617574263297766e-04
7.301558666486335182e-04
7.369119157009561749e-04
7.437304777054885114e-04
7.506121310874555629e-04
7.575574596241851314e-04
7.645670524946302383e-04
7.716415043293495431e-04
7.787814152609503918e-04
7.859873909749991562e-04
7.932600427614012496e-04
8.005999875662584081e-04
8.080078480442039971e-04
8.154842526112240399e-04
8.230298354979659206e-04
8.306452368035410500e-04
8.383311025498248539e-04
8.460880847362596156e-04
8.539168413951643988e-04
8.618180366475562812e-04
8.697923407594879922e-04
8.778404301989082463e-04
8.859629876930463950e-04
8.941607022863293144e-04
9.024342693988329127e-04
9.107843908852763896e-04
9.192117750945604394e-04
9.277171369298573131e-04
9.363011979092572936e-04
9.449646862269747271e-04
9.537083368151228271e-04
9.625328914060573594e-04
9.714390985952992908e-04
9.804277139050388955e-04
9.894994998482264156e-04
9.986552259932583806e-04
1.007895669029259481e-03
1.017221612831970944e-03
1.026633848530246603e-03
1.036133174573165014e-03
1.045720396797764117e-03
1.055396328497398882e-03
1.065161790490736470e-03
1.075017611191384555e-03
1.084964626678168020e-03
1.095003680766053764e-03
1.105135625077732341e-03
1.115361319115862251e-03
1.125681630335981665e-03
1.136097434220096920e-03
1.146609614350949059e-03
1.157219062486969721e-03
1.167926678637929393e-03
1.178733371141286708e-03
1.189640056739243350e-03
1.200647660656511918e-03
1.211757116678804360e-03
1.222969367232045086e-03
1.234285363462318298e-03
1.245706065316554102e-03
1.257232441623963148e-03
1.268865470178221540e-03
1.280606137820419245e-03
1.292455440522774588e-03
1.304414383473122881e-03
1.316483981160188272e-03
1.328665257459643806e-03
1.340959245720966652e-03
1.353366988855099528e-03
1.365889539422921383e-03
1.378527959724536655e-03
1.391283321889392197e-03
1.404156707967226013e-03
1.417149210019859069e-03
1.430261930213836243e-03
1.443495980913923806e-03
1.456852484777472305e-03
1.470332574849652881e-03
1.483937394659574829e-03
1.497668098317292201e-03
1.511525850611706830e-03
1.525511827109380563e-03
1.539627214254258658e-03
1.553873209468316276e-03
1.568251021253138896e-03
1.582761869292438183e-03
1.597406984555521312e-03
1.612187609401713722e-03
1.627104997685750081e-03
1.642160414864140151e-03
1.657355138102519117e-03
1.672690456383989525e-03
1.688167670618467842e-03
1.703788093753042573e-03
1.719553050883350885e-03
1.735463879365989988e-03
1.751521928931964144e-03
1.767728561801186395e-03
1.784085152798034349e-03
1.800593089467978671e-03
1.817253772195291011e-03
1.834068614321839171e-03
1.851039042266981651e-03
1.868166495648573063e-03
1.885452427405088236e-03
1.902898303918875832e-03
1.920505605140553204e-03
1.938275824714552663e-03
1.956210470105828290e-03
1.974311062727734760e-03
1.992579138071092718e-03
2.011016245834442665e-03
2.029623950055510755e-03
2.048403829243884786e-03
2.067357476514922708e-03
2.086486499724897123e-03
2.105792521607391821e-03
2.125277179910959463e-03
2.144942127538052544e-03
2.164789032685243697e-03
2.184819578984736194e-03
2.205035465647191967e-03
2.225438407605874556e-03
2.246030135662129522e-03
2.266812396632211443e-03
2.287786953495465729e-03
2.308955585543884335e-03
2.330320088533046653e-03
2.351882274834452089e-03
2.373643973589269034e-03
2.395607030863499375e-03
2.417773309804583694e-03
2.440144690799454091e-03
2.462723071634047647e-03
2.485510367654300470e-03
2.508508511928623629e-03
2.531719455411892642e-03
2.555145167110944426e-03
2.578787634251613389e-03
2.602648862447306220e-03
2.626730875869143569e-03
2.651035717417670346e-03
2.675565448896157633e-03
2.700322151185507048e-03
2.725307924420774033e-03
2.750524888169324830e-03
2.775975181610641426e-03
2.801660963717787951e-03
2.827584413440562775e-03
2.853747729890336766e-03
2.880153132526609358e-03
2.906802861345284157e-03
2.933699177068692723e-03
2.960844361337372152e-03
2.988240716903620749e-03
3.015890567826840039e-03
3.043796259670688686e-03
3.071960159702060485e-03
3.100384657091896819e-03
3.129072163117868708e-03
3.158025111368922833e-03
3.187245957951728801e-03
3.216737181699029415e-03
3.246501284379925151e-03
3.276540790912102832e-03
3.306858249576022368e-03
3.337456232231093226e-03
3.368337334533848433e-03
3.399504176158133027e-03
3.430959401017337745e-03
3.462705677488680991e-03
3.494745698639572466e-03
3.527082182456067142e-03
3.559717872073437338e-03
3.592655536008870689e-03
3.625897968396330460e-03
3.659447989223583823e-03
3.693308444571421524e-03
3.727482206855097565e-03
3.761972175067996270e-03
3.796781275027557526e-03
3.831912459623476250e-03
3.867368709068200357e-03
3.903153031149742859e-03
3.939268461486836702e-03
3.975718063786450561e-03
4.012504930103683379e-03
4.049632181104067565e-03
4.087102966328299072e-03
4.124920464459414307e-03
4.163087883592442480e-03
4.201608461506548160e-03
4.240485465939702187e-03
4.279722194865878335e-03
4.319321976774831255e-03
4.359288170954448739e-03
4.399624167775727755e-03
4.440333388980384662e-03
4.481419287971117812e-03
4.522885350104571996e-03
4.564735092986994293e-03
4.606972066772647284e-03
4.649599854464962247e-03
4.692622072220495669e-03
4.736042369655687340e-03
4.779864430156462521e-03
4.824091971190696410e-03
4.868728744623572989e-03
4.913778537035853877e-03
4.959245170045104012e-03
5.005132500629879376e-03
5.051444421456918396e-03
5.098184861211363036e-03
5.145357784930029536e-03
5.192967194337768690e-03
5.241017128186936484e-03
5.289511662600001989e-03
5.338454911415334118e-03
5.387851026536176827e-03
5.437704198282863888e-03
5.488018655748284555e-03
5.538798667156642590e-03
5.590048540225534685e-03
5.641772622531377769e-03
5.693975301878218161e-03
5.746661006669952915e-03
5.799834206285994602e-03
5.853499411460416808e-03
5.907661174664600306e-03
5.962324090493423268e-03
6.017492796055030208e-03
6.073171971364197015e-03
6.129366339739343236e-03
6.186080668203216767e-03
6.243319767887280450e-03
6.301088494439854339e-03
6.359391748438013650e-03
6.418234475803318712e-03
6.477621668221376049e-03
6.537558363565290458e-03
6.598049646323035818e-03
6.659100648028771531e-03
6.720716547698157503e-03
6.782902572267696280e-03
6.845663997038139645e-03
6.909006146121994367e-03
6.972934392895173937e-03
7.037454160452829253e-03
7.102570922069388615e-03
7.168290201662868601e-03
7.234617574263468853e-03
7.301558666486508004e-03
7.369119157009735438e-03
7.437304777055059671e-03
7.506121310874731486e-03
7.575574596242029557e-03
7.645670524946482360e-03
7.716415043293677577e-03
7.787814152609688449e-03
7.859873909750177828e-03
7.932600427614200714e-03
8.005999875662772949e-03
8.080078480442232092e-03
8.154842526112433820e-03
8.230298354979855013e-03
8.306452368035607825e-03
8.383311025498448033e-03
8.460880847362798468e-03
8.539168413951848252e-03
8.618180366475767726e-03
8.697923407595087655e-03
8.778404301989291281e-03
8.859629876930674719e-03
8.941607022863505214e-03
9.024342693988543149e-03
9.107843908852979870e-03
9.192117750945822535e-03
9.277171369298793657e-03
9.363011979092793896e-03
9.449646862269971484e-03
9.537083368151455520e-03
9.625328914060803445e-03
9.714390985953225144e-03
9.804277139050621842e-03
9.894994998482500512e-03
9.986552259932821030e-03
1.007895669029283507e-02
1.017221612831995144e-02
1.026633848530270759e-02
1.036133174573189604e-02
1.045720396797788880e-02
1.055396328497424166e-02
1.065161790490761970e-02
1.075017611191410143e-02
1.084964626678193780e-02
1.095003680766079741e-02
1.105135625077758449e-02
1.115361319115888358e-02
1.125681630336008293e-02
1.136097434220123895e-02
1.146609614350976337e-02
1.157219062486997130e-02
1.167926678637956801e-02
1.178733371141314420e-02
1.189640056739271236e-02
1.200647660656540237e-02
1.211757116678833027e-02
1.222969367232074056e-02
1.234285363462347615e-02
1.245706065316583809e-02
1.257232441623993072e-02
1.268865470178251811e-02
1.280606137820449950e-02
1.292455440522805553e-02
1.304414383473154020e-02
1.316483981160219627e-02
1.328665257459675161e-02
1.340959245720998311e-02
1.353366988855131403e-02
1.365889539422953346e-02
1.378527959724569138e-02
1.391283321889424940e-02
1.404156707967258930e-02
1.417149210019892289e-02
1.430261930213869853e-02
1.443495980913957720e-02
1.456852484777506479e-02
1.470332574849687358e-02
1.483937394659609610e-02
1.497668098317327112e-02
1.511525850611742175e-02
1.525511827109416081e-02
1.539627214254294350e-02
1.553873209468352445e-02
1.568251021253175281e-02
1.582761869292475046e-02
1.597406984555558435e-02
1.612187609401750932e-02
1.627104997685787854e-02
1.642160414864178228e-02
1.657355138102557454e-02
1.672690456384028079e-02
1.688167670618507046e-02
1.703788093753081864e-02
1.719553050883390610e-02
1.735463879366029930e-02
1.751521928932004563e-02
1.767728561801227075e-02
1.784085152798075072e-02
1.800593089468020130e-02
1.817253772195333295e-02
1.834068614321881716e-02
1.851039042267024759e-02
1.868166495648616518e-02
1.885452427405132081e-02
1.902898303918920328e-02
1.920505605140598177e-02
1.938275824714598417e-02
1.956210470105874261e-02
1.974311062727781077e-02
1.992579138071139122e-02
2.011016245834489763e-02
2.029623950055558027e-02
2.048403829243932231e-02
2.067357476514970760e-02
2.086486499724945695e-02
2.105792521607441001e-02
2.125277179911008729e-02
2.144942127538102677e-02
2.164789032685294004e-02
2.184819578984787194e-02
2.205035465647242968e-02
2.225438407605925817e-02
2.246030135662181737e-02
2.266812396632264179e-02
2.287786953495518985e-02
2.308955585543938024e-02
2.330320088533100603e-02
2.351882274834506820e-02
2.373643973589324024e-02
2.395607030863554712e-02
2.417773309804639725e-02
2.440144690799510643e-02
2.462723071634105240e-02
2.485510367654358149e-02
2.508508511928682003e-02
2.531719455411951883e-02
2.555145167111004187e-02
2.578787634251673150e-02
2.602648862447366762e-02
2.626730875869204979e-02
2.651035717417732709e-02
2.675565448896220430e-02
2.700322151185570452e-02
2.725307924420837871e-02
2.750524888169389448e-02
2.775975181610706652e-02
2.801660963717854044e-02
2.827584413440629302e-02
2.853747729890404247e-02
2.880153132526677012e-02
2.906802861345352332e-02
2.933699177068761765e-02
2.960844361337441888e-02
2.988240716903690919e-02
3.015890567826910382e-02
3.043796259670760243e-02
3.071960159702132043e-02
3.100384657091969157e-02
3.129072163117942174e-02
3.158025111368997079e-02
3.187245957951803654e-02
3.216737181699104442e-02
3.246501284380001739e-02
3.276540790912180201e-02
3.306858249576100084e-02
3.337456232231172243e-02
3.368337334533928057e-02
3.399504176158213431e-02
3.430959401017418670e-02
3.462705677488762263e-02
3.494745698639654258e-02
3.527082182456150322e-02
3.559717872073520778e-02
3.592655536008954736e-02
3.625897968396415982e-02
3.659447989223670039e-02
3.693308444571508781e-02
3.727482206855185776e-02
3.761972175068085261e-02
3.796781275027647645e-02
3.831912459623567496e-02
3.867368709068291777e-02
3.903153031149835667e-02
3.939268461486931244e-02
3.975718063786545797e-02
4.012504930103778789e-02
4.049632181104163842e-02
4.087102966328396564e-02
4.124920464459512492e-02
4.163087883592540839e-02
4.201608461506647907e-02
4.240485465939802801e-02
4.279722194865980683e-02
4.319321976774933430e-02
4.359288170954551955e-02
4.399624167775832706e-02
4.440333388980490653e-02
4.481419287971225712e-02
4.522885350104680069e-02
4.564735092987103754e-02
4.606972066772757612e-02
4.649599854465073789e-02
4.692622072220608426e-02
4.736042369655801137e-02
4.779864430156577360e-02
4.824091971190812983e-02
4.868728744623690430e-02
4.913778537035972532e-02
4.959245170045224055e-02
5.005132500630000286e-02
5.051444421457040868e-02
5.098184861211486896e-02
5.145357784930153916e-02
5.192967194337894110e-02
5.241017128187062946e-02
5.289511662600130532e-02
5.338454911415462661e-02
5.387851026536306237e-02
5.437704198282995033e-02
5.488018655748416741e-02
5.538798667156775990e-02
5.590048540225669299e-02
5.641772622531514292e-02
5.693975301878356765e-02
5.746661006670092386e-02
5.799834206286136329e-02
5.853499411460559576e-02
5.907661174664744635e-02
5.962324090493569678e-02
6.017492796055178006e-02
6.073171971364346722e-02
6.129366339739494851e-02
6.186080668203369076e-02
6.243319767887434840e-02
6.301088494440010290e-02
6.359391748438171510e-02
6.418234475803476224e-02
6.477621668221535123e-02
6.537558363565451613e-02
6.598049646323199402e-02
6.659100648028935809e-02
6.720716547698322996e-02
6.782902572267865415e-02
6.845663997038309301e-02
6.909006146122165237e-02
6.972934392895346889e-02
7.037454160453002205e-02
7.102570922069563475e-02
7.168290201663045369e-02
7.234617574263646489e-02
7.301558666486687721e-02
7.369119157009917931e-02
7.437304777055243898e-02
7.506121310874917796e-02
7.575574596242216907e-02
7.645670524946671098e-02
7.716415043293868570e-02
7.787814152609881524e-02
7.859873909750371423e-02
7.932600427614397431e-02
8.005999875662971055e-02
8.080078480442430544e-02
8.154842526112635048e-02
8.230298354980057629e-02
8.306452368035811828e-02
8.383311025498653424e-02
8.460880847363005941e-02
8.539168413952057113e-02
8.618180366475979015e-02
8.697923407595299639e-02
8.778404301989506386e-02
8.859629876930891212e-02
8.941607022863723442e-02
9.024342693988762765e-02
9.107843908853201220e-02
9.192117750946043886e-02
9.277171369299017090e-02
9.363011979093019410e-02
9.449646862270200121e-02
9.537083368151685892e-02
9.625328914061037633e-02
9.714390985953461066e-02
9.804277139050859846e-02
9.894994998482740944e-02
9.986552259933063891e-02
1.007895669029307967e-01
1.017221612832019950e-01
1.026633848530295740e-01
1.036133174573214688e-01
1.045720396797814034e-01
1.055396328497449632e-01
1.065161790490787574e-01
1.075017611191436129e-01
1.084964626678220079e-01
1.095003680766106213e-01
1.105135625077785094e-01
1.115361319115915489e-01
1.125681630336035632e-01
1.136097434220151303e-01
1.146609614351004058e-01
1.157219062487025024e-01
1.167926678637984939e-01
1.178733371141342662e-01
1.189640056739299789e-01
1.200647660656569138e-01
1.211757116678862101e-01
1.222969367232103199e-01
1.234285363462376828e-01
1.245706065316613403e-01
1.257232441624022978e-01
1.268865470178281718e-01
1.280606137820479995e-01
1.292455440522836119e-01
1.304414383473185002e-01
1.316483981160251060e-01
1.328665257459706872e-01
1.340959245721030368e-01
1.353366988855163877e-01
1.365889539422986132e-01
1.378527959724602237e-01
1.391283321889458247e-01
1.404156707967292583e-01
1.417149210019926220e-01
1.430261930213904131e-01
1.443495980913992449e-01
1.456852484777541590e-01
1.470332574849722851e-01
1.483937394659645415e-01
1.497668098317363194e-01
1.511525850611778465e-01
1.525511827109452823e-01
1.539627214254331578e-01
1.553873209468390193e-01
1.568251021253213306e-01
1.582761869292513279e-01
1.597406984555597154e-01
1.612187609401790345e-01
1.627104997685827337e-01
1.642160414864218543e-01
1.657355138102598047e-01
1.672690456384068880e-01
1.688167670618548333e-01
1.703788093753123567e-01
1.719553050883432521e-01
1.735463879366072326e-01
1.751521928932047445e-01
1.767728561801270581e-01
1.784085152798119134e-01
1.800593089468064401e-01
1.817253772195377703e-01
1.834068614321926749e-01
1.851039042267070001e-01
1.868166495648662384e-01
1.885452427405178433e-01
1.902898303918966749e-01
1.920505605140645500e-01
1.938275824714645601e-01
1.956210470105921861e-01
1.974311062727829302e-01
1.992579138071187694e-01
2.011016245834538474e-01
2.029623950055607362e-01
2.048403829243982399e-01
2.067357476515020998e-01
2.086486499724996557e-01
2.105792521607491863e-01
2.125277179911060355e-01
2.144942127538154442e-01
2.164789032685346393e-01
2.184819578984839861e-01
2.205035465647296467e-01
2.225438407605979940e-01
2.246030135662236416e-01
2.266812396632319204e-01
2.287786953495574427e-01
2.308955585543993883e-01
2.330320088533156808e-01
2.351882274834563302e-01
2.373643973589381340e-01
2.395607030863612652e-01
2.417773309804698290e-01
2.440144690799569416e-01
2.462723071634164429e-01
2.485510367654417963e-01
2.508508511928742579e-01
2.531719455412013153e-01
2.555145167111065874e-01
2.578787634251735739e-01
2.602648862447429767e-01
2.626730875869268123e-01
2.651035717417796200e-01
2.675565448896284892e-01
2.700322151185635122e-01
2.725307924420903305e-01
2.750524888169455506e-01
2.775975181610773057e-01
2.801660963717921282e-01
2.827584413440697442e-01
2.853747729890472873e-01
2.880153132526745985e-01
2.906802861345422206e-01
2.933699177068831987e-01
2.960844361337512942e-01
2.988240716903762806e-01
3.015890567826983171e-01
3.043796259670834004e-01
3.071960159702206705e-01
3.100384657092044582e-01
3.129072163118017946e-01
3.158025111369073268e-01
3.187245957951880260e-01
3.216737181699182435e-01
3.246501284380080010e-01
3.276540790912259027e-01
3.306858249576180020e-01
3.337456232231252873e-01
3.368337334534009520e-01
3.399504176158296143e-01
3.430959401017501520e-01
3.462705677488846501e-01
3.494745698639739051e-01
3.527082182456235948e-01
3.559717872073607237e-01
3.592655536009041750e-01
3.625897968396503690e-01
3.659447989223758024e-01
3.693308444571597460e-01
3.727482206855275426e-01
3.761972175068176161e-01
3.796781275027738545e-01
3.831912459623659228e-01
3.867368709068384480e-01
3.903153031149929064e-01
3.939268461487024919e-01
3.975718063786640166e-01
4.012504930103874545e-01
4.049632181104261264e-01
4.087102966328494680e-01
4.124920464459611025e-01
4.163087883592640481e-01
4.201608461506748937e-01
4.240485465939904386e-01
4.279722194866082963e-01
4.319321976775037375e-01
4.359288170954656594e-01
4.399624167775939010e-01
4.440333388980597373e-01
4.481419287971332710e-01
4.522885350104787761e-01
4.564735092987212695e-01
4.606972066772867525e-01
4.649599854465183979e-01
4.692622072220719587e-01
4.736042369655913409e-01
4.779864430156690602e-01
4.824091971190926365e-01
4.868728744623804783e-01
4.913778537036088134e-01
4.959245170045341045e-01
5.005132500630118386e-01
5.051444421457159661e-01
5.098184861211606522e-01
5.145357784930275624e-01
5.192967194338016235e-01
5.241017128187186458e-01
5.289511662600254738e-01
5.338454911415589921e-01
5.387851026536435439e-01
5.437704198283124235e-01
5.488018655748546637e-01
5.538798667156907829e-01
5.590048540225803775e-01
5.641772622531650017e-01
5.693975301878492212e-01
5.746661006670229499e-01
5.799834206286273997e-01
5.853499411460699742e-01
5.907661174664885495e-01
5.962324090493711370e-01
6.017492796055321502e-01
6.073171971364490496e-01
6.129366339739640290e-01
6.186080668203515209e-01
6.243319767887582916e-01
6.301088494440159060e-01
6.359391748438322223e-01
6.418234475803629158e-01
6.477621668221689166e-01
6.537558363565607600e-01
6.598049646323356221e-01
6.659100648029094849e-01
6.720716547698484256e-01
6.782902572268026953e-01
6.845663997038473614e-01
6.909006146122331771e-01
6.972934392895514533e-01
7.037454160453172625e-01
7.102570922069735282e-01
7.168290201663217731e-01
7.234617574263821904e-01
7.301558666486864801e-01
7.369119157010095567e-01
7.437304777055423477e-01
7.506121310875099040e-01
7.575574596242400371e-01
7.645670524946855950e-01
7.716415043294053699e-01
7.787814152610068597e-01
7.859873909750559884e-01
7.932600427614587835e-01
8.005999875663164511e-01
8.080078480442626221e-01
8.154842526112832113e-01
8.230298354980255526e-01
8.306452368036012501e-01
8.383311025498855207e-01
8.460880847363209112e-01
8.539168413952262782e-01
8.618180366476184684e-01
8.697923407595508083e-01
8.778404301989716219e-01
8.859629876931105485e-01
8.941607022863938825e-01
9.024342693988980368e-01
9.107843908853421322e-01
9.192117750946265931e-01
9.277171369299240800e-01
9.363011979093246451e-01
9.449646862270428826e-01
9.537083368151916263e-01
9.625328914061268559e-01
9.714390985953694768e-01
9.804277139051094103e-01
9.894994998482976589e-01
9.986552259933303421e-01
1.007895669029332142e+00
1.017221612832044153e+00
1.026633848530320359e+00
1.036133174573239613e+00
1.045720396797839458e+00
1.055396328497475000e+00
1.065161790490813276e+00
1.075017611191461997e+00
1.084964626678246225e+00
1.095003680766132748e+00
1.105135625077811934e+00
1.115361319115942385e+00
1.125681630336062611e+00
1.136097434220178837e+00
1.146609614351031592e+00
1.157219062487052863e+00
1.167926678638013138e+00
1.178733371141371000e+00
1.189640056739328600e+00
1.200647660656597893e+00
1.211757116678891188e+00
1.222969367232132676e+00
1.234285363462406471e+00
1.245706065316643185e+00
1.257232441624053010e+00
1.268865470178312194e+00
1.280606137820510915e+00
1.292455440522866983e+00
1.304414383473216033e+00
1.316483981160282424e+00
1.328665257459738624e+00
1.340959245721062176e+00
1.353366988855196018e+00
1.365889539423018828e+00
1.378527959724634933e+00
1.391283321889491553e+00
1.404156707967326057e+00
1.417149210019960082e+00
1.430261930213938326e+00
1.443495980914026866e+00
1.456852484777576118e+00
1.470332574849757767e+00
1.483937394659680775e+00
1.497668098317399110e+00
