1.021118522350574403e-07
1.030566815708676769e-07
1.040102533048840641e-07
1.049726483295212572e-07
1.059439482856821858e-07
1.069242355696837519e-07
1.079135933402466253e-07
1.089121055255495858e-07
1.099198568303493244e-07
1.109369327431660226e-07
1.119634195435353572e-07
1.129994043093277118e-07
1.140449749241351253e-07
1.151002200847264779e-07
1.161652293085717784e-07
1.172400929414359198e-07
1.183249021650429248e-07
1.194197490048109182e-07
1.205247263376586872e-07
1.216399278998846227e-07
1.227654482951183871e-07
1.239013830023462335e-07
1.250478283840105994e-07
1.262048816941846369e-07
1.273726410868223658e-07
1.285512056240851669e-07
1.297406752847452486e-07
1.309411509726671198e-07
1.321527345253671498e-07
1.333755287226527212e-07
1.346096372953409788e-07
1.358551649340586017e-07
1.371122172981226262e-07
1.383809010245037483e-07
1.396613237368724506e-07
1.409535940547286672e-07
1.422578216026163376e-07
1.435741170194226375e-07
1.449025919677639505e-07
1.462433591434579468e-07
1.475965322850840174e-07
1.489622261836315880e-07
1.503405566922380601e-07
1.517316407360166430e-07
1.531355963219754270e-07
1.545525425490278046e-07
1.559825996180959053e-07
1.574258888423072316e-07
1.588825326572858976e-07
1.603526546315388672e-07
1.618363794769384371e-07
1.633338330593016253e-07
1.648451424090675510e-07
1.663704357320734932e-07
1.679098424204307147e-07
1.694634930635010030e-07
1.710315194589745910e-07
1.726140546240507533e-07
1.742112328067216883e-07
1.758231894971610348e-07
1.774500614392175532e-07
1.790919866420152948e-07
1.807491043916609735e-07
1.824215552630597577e-07
1.841094811318404356e-07
1.858130251863908795e-07
1.875323319400046576e-07
1.892675472431404856e-07
1.910188182957947574e-07
1.927862936599886378e-07
1.945701232723707473e-07
1.963704584569364476e-07
1.981874519378648112e-07
2.000212578524742546e-07
2.018720317642983186e-07
2.037399306762822033e-07
2.056251130441014615e-07
2.075277387896039080e-07
2.094479693143760440e-07
2.113859675134348680e-07
2.133418977890464241e-07
2.153159260646721204e-07
2.173082197990443516e-07
2.193189480003720096e-07
2.213482812406777331e-07
2.233963916702676396e-07
2.254634530323350203e-07
2.275496406776991369e-07
2.296551315796803642e-07
2.317801043491131343e-07
2.339247392494975298e-07
2.360892182122912726e-07
2.382737248523431140e-07
2.404784444834691086e-07
2.427035641341729642e-07
2.449492725635117358e-07
2.472157602771086662e-07
2.495032195433137011e-07
2.518118444095139554e-07
2.541418307185950045e-07
2.564933761255541651e-07
2.588666801142681477e-07
2.612619440144149746e-07
2.636793710185534997e-07
2.661191661993599994e-07
2.685815365270249058e-07
2.710666908868103705e-07
2.735748400967699291e-07
2.761061969256324900e-07
2.786609761108519713e-07
2.812393943768233799e-07
2.838416704532678728e-07
2.864680250937878085e-07
2.891186810945934274e-07
2.917938633134029629e-07
2.944937986885175587e-07
2.972187162580724746e-07
2.999688471794668578e-07
3.027444247489728202e-07
3.055456844215264164e-07
3.083728638307014214e-07
3.112262028088678151e-07
3.141059434075374076e-07
3.170123299178968179e-07
3.199456088915314584e-07
3.229060291613402607e-07
3.258938418626446896e-07
3.289093004544928394e-07
3.319526607411602532e-07
3.350241808938505367e-07
3.381241214725959247e-07
3.412527454483608698e-07
3.444103182253504029e-07
3.475971076635242154e-07
3.508133841013198538e-07
3.540594203785855538e-07
3.573354918597255218e-07
3.606418764570595684e-07
3.639788546543985235e-07
3.673467095308378149e-07
3.707457267847715410e-07
3.741761947581286245e-07
3.776384044608328471e-07
3.811326495954898372e-07
3.846592265823018021e-07
3.882184345842134487e-07
3.918105755322899902e-07
3.954359541513304166e-07
3.990948779857177229e-07
4.027876574255078942e-07
4.065146057327607190e-07
4.102760390681142303e-07
4.140722765176048394e-07
4.179036401197356499e-07
4.217704548927952819e-07
4.256730488624297479e-07
4.296117530894688078e-07
4.335869016980102999e-07
4.375988319037646156e-07
4.416478840426603789e-07
4.457344015997158818e-07
4.498587312381772295e-07
4.540212228289258950e-07
4.582222294801589123e-07
4.624621075673432437e-07
4.667412167634472857e-07
4.710599200694526370e-07
4.754185838451473458e-07
4.798175778402051897e-07
4.842572752255513062e-07
4.887380526250190956e-07
4.932602901472989808e-07
4.978243714181843158e-07
5.024306836131138627e-07
5.070796174900166585e-07
5.117715674224605438e-07
5.165069314331067877e-07
5.212861112274752564e-07
5.261095122280209723e-07
5.309775436085269336e-07
5.358906183288143601e-07
5.408491531697749168e-07
5.458535687687261873e-07
5.509042896550948418e-07
5.560017442864302551e-07
5.611463650847504786e-07
5.663385884732252250e-07
5.715788549131983028e-07
5.768676089415519329e-07
5.822052992084175029e-07
5.875923785152349810e-07
5.930293038531645889e-07
5.985165364418534891e-07
6.040545417685617181e-07
6.096437896276501219e-07
6.152847541604329383e-07
6.209779138954003209e-07
6.267237517888116522e-07
6.325227552656657860e-07
6.383754162610497020e-07
6.442822312618692776e-07
6.502437013489674725e-07
6.562603322396310882e-07
6.623326343304913993e-07
6.684611227408217243e-07
6.746463173562352205e-07
6.808887428727871366e-07
6.871889288414860762e-07
6.935474097132152258e-07
6.999647248840711696e-07
7.064414187411213507e-07
7.129780407085843067e-07
7.195751452944386113e-07
7.262332921374616841e-07
7.329530460547051400e-07
7.397349770894081612e-07
7.465796605593553490e-07
7.534876771056808564e-07
7.604596127421253659e-07
7.674960589047479238e-07
7.745976125020979246e-07
7.817648759658515883e-07
7.889984573019170578e-07
7.962989701420116110e-07
8.036670337957167067e-07
8.111032733030154140e-07
8.186083194873141345e-07
8.261828090089564494e-07
8.338273844192315284e-07
8.415426942148825001e-07
8.493293928931189120e-07
8.571881410071385764e-07
8.651196052221625048e-07
8.731244583719893923e-07
8.812033795160724035e-07
8.893570539971238714e-07
8.975861734992550035e-07
9.058914361066507012e-07
9.142735463627896566e-07
9.227332153302108914e-07
9.312711606508340435e-07
9.398881066068379541e-07
9.485847841821017911e-07
9.573619311242150602e-07
9.662202920070622227e-07
9.751606182939842482e-07
9.841836684015277964e-07
9.932902077637804403e-07
1.002481008897304847e-06
1.011756851466671387e-06
1.021118522350597432e-06
1.030566815708699904e-06
1.040102533048864040e-06
1.049726483295236210e-06
1.059439482856845867e-06
1.069242355696861712e-06
1.079135933402490553e-06
1.089121055255520316e-06
1.099198568303518258e-06
1.109369327431685399e-06
1.119634195435378851e-06
1.129994043093302662e-06
1.140449749241377140e-06
1.151002200847290878e-06
1.161652293085743963e-06
1.172400929414385748e-06
1.183249021650456088e-06
1.194197490048136181e-06
1.205247263376614083e-06
1.216399278998873597e-06
1.227654482951211400e-06
1.239013830023490022e-06
1.250478283840133894e-06
1.262048816941874586e-06
1.273726410868252246e-06
1.285512056240880416e-06
1.297406752847481655e-06
1.309411509726700527e-06
1.321527345253701144e-06
1.333755287226557123e-06
1.346096372953440070e-06
1.358551649340616352e-06
1.371122172981257020e-06
1.383809010245068718e-06
1.396613237368756164e-06
1.409535940547318753e-06
1.422578216026195458e-06
1.435741170194259092e-06
1.449025919677672222e-06
1.462433591434612556e-06
1.475965322850873737e-06
1.489622261836349602e-06
1.503405566922414588e-06
1.517316407360200946e-06
1.531355963219789052e-06
1.545525425490313145e-06
1.559825996180994364e-06
1.574258888423108051e-06
1.588825326572895081e-06
1.603526546315425041e-06
1.618363794769421005e-06
1.633338330593053311e-06
1.648451424090712727e-06
1.663704357320772520e-06
1.679098424204345158e-06
1.694634930635048465e-06
1.710315194589784609e-06
1.726140546240546550e-06
1.742112328067256376e-06
1.758231894971650370e-06
1.774500614392216295e-06
1.790919866420194135e-06
1.807491043916651292e-06
1.824215552630639452e-06
1.841094811318446866e-06
1.858130251863951359e-06
1.875323319400089722e-06
1.892675472431448584e-06
1.910188182957991779e-06
1.927862936599931006e-06
1.945701232723752471e-06
1.963704584569409898e-06
1.981874519378693640e-06
2.000212578524788179e-06
2.018720317643029455e-06
2.037399306762868779e-06
2.056251130441061572e-06
2.075277387896086408e-06
2.094479693143808350e-06
2.113859675134397172e-06
2.133418977890513157e-06
2.153159260646770649e-06
2.173082197990493756e-06
2.193189480003770971e-06
2.213482812406829053e-06
2.233963916702728277e-06
2.254634530323402772e-06
2.275496406777044256e-06
2.296551315796857111e-06
2.317801043491185235e-06
2.339247392495029720e-06
2.360892182122967095e-06
2.382737248523485932e-06
2.404784444834746885e-06
2.427035641341785652e-06
2.449492725635174110e-06
2.472157602771144261e-06
2.495032195433194927e-06
2.518118444095198528e-06
2.541418307186009231e-06
2.564933761255601685e-06
2.588666801142742040e-06
2.612619440144211156e-06
2.636793710185596513e-06
2.661191661993662568e-06
2.685815365270312691e-06
2.710666908868168080e-06
2.735748400967764089e-06
2.761061969256390651e-06
2.786609761108586100e-06
2.812393943768300926e-06
2.838416704532746702e-06
2.864680250937946271e-06
2.891186810946003413e-06
2.917938633134099192e-06
2.944937986885245467e-06
2.972187162580795579e-06
2.999688471794739729e-06
3.027444247489800729e-06
3.055456844215337326e-06
3.083728638307088118e-06
3.112262028088753113e-06
3.141059434075449779e-06
3.170123299179044835e-06
3.199456088915391452e-06
3.229060291613480322e-06
3.258938418626525353e-06
3.289093004545006850e-06
3.319526607411681518e-06
3.350241808938584671e-06
3.381241214726038656e-06
3.412527454483689060e-06
3.444103182253584814e-06
3.475971076635323787e-06
3.508133841013280383e-06
3.540594203785938018e-06
3.573354918597339180e-06
3.606418764570680176e-06
3.639788546544070468e-06
3.673467095308463805e-06
3.707457267847801807e-06
3.741761947581373383e-06
3.776384044608417092e-06
3.811326495954988051e-06
3.846592265823109289e-06
3.882184345842226178e-06
3.918105755322991911e-06
3.954359541513397128e-06
3.990948779857271250e-06
4.027876574255172857e-06
4.065146057327702587e-06
4.102760390681238548e-06
4.140722765176145909e-06
4.179036401197454754e-06
4.217704548928051922e-06
4.256730488624397005e-06
4.296117530894788769e-06
4.335869016980204854e-06
4.375988319037749494e-06
4.416478840426707551e-06
4.457344015997263321e-06
4.498587312381877327e-06
4.540212228289365147e-06
4.582222294801696908e-06
4.624621075673541174e-06
4.667412167634582018e-06
4.710599200694636379e-06
4.754185838451584419e-06
4.798175778402163706e-06
4.842572752255626353e-06
4.887380526250304882e-06
4.932602901473104581e-06
4.978243714181958778e-06
5.024306836131254670e-06
5.070796174900284746e-06
5.117715674224724658e-06
5.165069314331188367e-06
5.212861112274874113e-06
5.261095122280332543e-06
5.309775436085392579e-06
5.358906183288267903e-06
5.408491531697874529e-06
5.458535687687388292e-06
5.509042896551076955e-06
5.560017442864432359e-06
5.611463650847636500e-06
5.663385884732386082e-06
5.715788549132117918e-06
5.768676089415655489e-06
5.822052992084312249e-06
5.875923785152488935e-06
5.930293038531785226e-06
5.985165364418674863e-06
6.040545417685758636e-06
6.096437896276643521e-06
6.152847541604474226e-06
6.209779138954148475e-06
6.267237517888263482e-06
6.325227552656807150e-06
6.383754162610645674e-06
6.442822312618842278e-06
6.502437013489825709e-06
6.562603322396463560e-06
6.623326343305069212e-06
6.684611227408373733e-06
6.746463173562510177e-06
6.808887428728031455e-06
6.871889288415021910e-06
6.935474097132313618e-06
6.999647248840876021e-06
7.064414187411378890e-06
7.129780407086009932e-06
7.195751452944553826e-06
7.262332921374786883e-06
7.329530460547223771e-06
7.397349770894256101e-06
7.465796605593728614e-06
7.534876771056985170e-06
7.604596127421431960e-06
7.674960589047657750e-06
7.745976125021161146e-06
7.817648759658699266e-06
7.889984573019354384e-06
7.962989701420300763e-06
8.036670337957353837e-06
8.111032733030342393e-06
8.186083194873330869e-06
8.261828090089756135e-06
8.338273844192507561e-06
8.415426942149019818e-06
8.493293928931386903e-06
8.571881410071583758e-06
8.651196052221826006e-06
8.731244583720098270e-06
8.812033795160927323e-06
8.893570539971445814e-06
8.975861734992760099e-06
9.058914361066718770e-06
9.142735463628110654e-06
9.227332153302324484e-06
9.312711606508560029e-06
9.398881066068600829e-06
9.485847841821240045e-06
9.573619311242376336e-06
9.662202920070849232e-06
9.751606182940073298e-06
9.841836684015510051e-06
9.932902077638040302e-06
1.002481008897328776e-05
1.011756851466695485e-05
1.021118522350621826e-05
1.030566815708724679e-05
1.040102533048888900e-05
1.049726483295261197e-05
1.059439482856870981e-05
1.069242355696887166e-05
1.079135933402516345e-05
1.089121055255546405e-05
1.099198568303544389e-05
1.109369327431711657e-05
1.119634195435405490e-05
1.129994043093329682e-05
1.140449749241404288e-05
1.151002200847318407e-05
1.161652293085771788e-05
1.172400929414413700e-05
1.183249021650484337e-05
1.194197490048164853e-05
1.205247263376642966e-05
1.216399278998902777e-05
1.227654482951240834e-05
1.239013830023519626e-05
1.250478283840163752e-05
1.262048816941904867e-05
1.273726410868282866e-05
1.285512056240911078e-05
1.297406752847512784e-05
1.309411509726732079e-05
1.321527345253732993e-05
1.333755287226588887e-05
1.346096372953472130e-05
1.358551649340648793e-05
1.371122172981289715e-05
1.383809010245101667e-05
1.396613237368789283e-05
1.409535940547352169e-05
1.422578216026229043e-05
1.435741170194292804e-05
1.449025919677706357e-05
1.462433591434647157e-05
1.475965322850908593e-05
1.489622261836385008e-05
1.503405566922450333e-05
1.517316407360236945e-05
1.531355963219825262e-05
1.545525425490349821e-05
1.559825996181031337e-05
1.574258888423145405e-05
1.588825326572932604e-05
1.603526546315463031e-05
1.618363794769459333e-05
1.633338330593092148e-05
1.648451424090751987e-05
1.663704357320812161e-05
1.679098424204385434e-05
1.694634930635088995e-05
1.710315194589825521e-05
1.726140546240587800e-05
1.742112328067298092e-05
1.758231894971692383e-05
1.774500614392258350e-05
1.790919866420236868e-05
1.807491043916694491e-05
1.824215552630683202e-05
1.841094811318490785e-05
1.858130251863995743e-05
1.875323319400134530e-05
1.892675472431493985e-05
1.910188182958037434e-05
1.927862936599977338e-05
1.945701232723799228e-05
1.963704584569456909e-05
1.981874519378741328e-05
2.000212578524836630e-05
2.018720317643078329e-05
2.037399306762917992e-05
2.056251130441111378e-05
2.075277387896136807e-05
2.094479693143859342e-05
2.113859675134448587e-05
2.133418977890564656e-05
2.153159260646822826e-05
2.173082197990546018e-05
2.193189480003823741e-05
2.213482812406881908e-05
2.233963916702781809e-05
2.254634530323456389e-05
2.275496406777098720e-05
2.296551315796911829e-05
2.317801043491240885e-05
2.339247392495085709e-05
2.360892182123023762e-05
2.382737248523542938e-05
2.404784444834803805e-05
2.427035641341843166e-05
2.449492725635232131e-05
2.472157602771202621e-05
2.495032195433253796e-05
2.518118444095257736e-05
2.541418307186069117e-05
2.564933761255662248e-05
2.588666801142802942e-05
2.612619440144272820e-05
2.636793710185658939e-05
2.661191661993725333e-05
2.685815365270375626e-05
2.710666908868231099e-05
2.735748400967827278e-05
2.761061969256454094e-05
2.786609761108650135e-05
2.812393943768365894e-05
2.838416704532812263e-05
2.864680250938012593e-05
2.891186810946069820e-05
2.917938633134166615e-05
2.944937986885313823e-05
2.972187162580864104e-05
2.999688471794809101e-05
3.027444247489870609e-05
3.055456844215408477e-05
3.083728638307159099e-05
3.112262028088825535e-05
3.141059434075521947e-05
3.170123299179117765e-05
3.199456088915465991e-05
3.229060291613554607e-05
3.258938418626600739e-05
3.289093004545083507e-05
3.319526607411758936e-05
3.350241808938663021e-05
3.381241214726118531e-05
3.412527454483769274e-05
3.444103182253666214e-05
3.475971076635406119e-05
3.508133841013363392e-05
3.540594203786021874e-05
3.573354918597423545e-05
3.606418764570765980e-05
3.639788546544156018e-05
3.673467095308550117e-05
3.707457267847889560e-05
3.741761947581461644e-05
3.776384044608505861e-05
3.811326495955077244e-05
3.846592265823198736e-05
3.882184345842316811e-05
3.918105755323083390e-05
3.954359541513489793e-05
3.990948779857364932e-05
4.027876574255267555e-05
4.065146057327798302e-05
4.102760390681335618e-05
4.140722765176243656e-05
4.179036401197553518e-05
4.217704548928151703e-05
4.256730488624498819e-05
4.296117530894890752e-05
4.335869016980308362e-05
4.375988319037853001e-05
4.416478840426812583e-05
4.457344015997369708e-05
4.498587312381984392e-05
4.540212228289473059e-05
4.582222294801806175e-05
4.624621075673650950e-05
4.667412167634692980e-05
4.710599200694748356e-05
4.754185838451698091e-05
4.798175778402278733e-05
4.842572752255742057e-05
4.887380526250421095e-05
4.932602901473222826e-05
4.978243714182078040e-05
5.024306836131375457e-05
5.070796174900406549e-05
5.117715674224847477e-05
5.165069314331312712e-05
5.212861112274999305e-05
5.261095122280458412e-05
5.309775436085520481e-05
5.358906183288397837e-05
5.408491531698005311e-05
5.458535687687519921e-05
5.509042896551210109e-05
5.560017442864566360e-05
5.611463650847771178e-05
5.663385884732521946e-05
5.715788549132255476e-05
5.768676089415794572e-05
5.822052992084452517e-05
5.875923785152630050e-05
5.930293038531927866e-05
5.985165364418818689e-05
6.040545417685903986e-05
6.096437896276789888e-05
6.152847541604622287e-05
6.209779138954298061e-05
6.267237517888413407e-05
6.325227552656957413e-05
6.383754162610798309e-05
6.442822312618996946e-05
6.502437013489981393e-05
6.562603322396620600e-05
6.623326343305228285e-05
6.684611227408535008e-05
6.746463173562671791e-05
6.808887428728195102e-05
6.871889288415185726e-05
6.935474097132481161e-05
6.999647248841044242e-05
7.064414187411547958e-05
7.129780407086181880e-05
7.195751452944726281e-05
7.262332921374961710e-05
7.329530460547399107e-05
7.397349770894433470e-05
7.465796605593907507e-05
7.534876771057166605e-05
7.604596127421614580e-05
7.674960589047842064e-05
7.745976125021345122e-05
7.817648759658885613e-05
7.889984573019543442e-05
7.962989701420491854e-05
8.036670337957548655e-05
8.111032733030538566e-05
8.186083194873529075e-05
8.261828090089956035e-05
8.338273844192710849e-05
8.415426942149223106e-05
8.493293928931591546e-05
8.571881410071791789e-05
8.651196052222035393e-05
8.731244583720308673e-05
8.812033795161141453e-05
8.893570539971659944e-05
8.975861734992975245e-05
9.058914361066937304e-05
9.142735463628331560e-05
9.227332153302549456e-05
9.312711606508785678e-05
9.398881066068829867e-05
9.485847841821471794e-05
9.573619311242610795e-05
9.662202920071085723e-05
9.751606182940310806e-05
9.841836684015749931e-05
9.932902077638282215e-05
1.002481008897353204e-04
1.011756851466720286e-04
1.021118522350646898e-04
1.030566815708749853e-04
1.040102533048914277e-04
1.049726483295286913e-04
1.059439482856897036e-04
1.069242355696913254e-04
1.079135933402542569e-04
1.089121055255572900e-04
1.099198568303571156e-04
1.109369327431738864e-04
1.119634195435432832e-04
1.129994043093357194e-04
1.140449749241432002e-04
1.151002200847346495e-04
1.161652293085800147e-04
1.172400929414442499e-04
1.183249021650513373e-04
1.194197490048194059e-04
1.205247263376672579e-04
1.216399278998932660e-04
1.227654482951270887e-04
1.239013830023550017e-04
1.250478283840194584e-04
1.262048816941935801e-04
1.273726410868314071e-04
1.285512056240942723e-04
1.297406752847544802e-04
1.309411509726764232e-04
1.321527345253765485e-04
1.333755287226621989e-04
1.346096372953505503e-04
1.358551649340682403e-04
1.371122172981323664e-04
1.383809010245135853e-04
1.396613237368823706e-04
1.409535940547386999e-04
1.422578216026264177e-04
1.435741170194328176e-04
1.449025919677742000e-04
1.462433591434683308e-04
1.475965322850945015e-04
1.489622261836421701e-04
1.503405566922487229e-04
1.517316407360274418e-04
1.531355963219863006e-04
1.545525425490388107e-04
1.559825996181069961e-04
1.574258888423184504e-04
1.588825326572972042e-04
1.603526546315502739e-04
1.618363794769499449e-04
1.633338330593132534e-04
1.648451424090792916e-04
1.663704357320853360e-04
1.679098424204426973e-04
1.694634930635131008e-04
1.710315194589867940e-04
1.726140546240630287e-04
1.742112328067340851e-04
1.758231894971735683e-04
1.774500614392302261e-04
1.790919866420280981e-04
1.807491043916738672e-04
1.824215552630727925e-04
1.841094811318536321e-04
1.858130251864041822e-04
1.875323319400180812e-04
1.892675472431540470e-04
1.910188182958084664e-04
1.927862936600024501e-04
1.945701232723847068e-04
1.963704584569505359e-04
1.981874519378789981e-04
2.000212578524885622e-04
2.018720317643127727e-04
2.037399306762968068e-04
2.056251130441161929e-04
2.075277387896187493e-04
2.094479693143910164e-04
2.113859675134499951e-04
2.133418977890616834e-04
2.153159260646875478e-04
2.173082197990599076e-04
2.193189480003877206e-04
2.213482812406936118e-04
2.233963916702836900e-04
2.254634530323512361e-04
2.275496406777154828e-04
2.296551315796968682e-04
2.317801043491297941e-04
2.339247392495143781e-04
2.360892182123082580e-04
2.382737248523602365e-04
2.404784444834863911e-04
2.427035641341904085e-04
2.449492725635293660e-04
2.472157602771264760e-04
2.495032195433316341e-04
2.518118444095321026e-04
2.541418307186133017e-04
2.564933761255726893e-04
2.588666801142867858e-04
2.612619440144337804e-04
2.636793710185724804e-04
2.661191661993791199e-04
2.685815365270442507e-04
2.710666908868298794e-04
2.735748400967895583e-04
2.761061969256523550e-04
2.786609761108720541e-04
2.812393943768436502e-04
2.838416704532883278e-04
2.864680250938084422e-04
2.891186810946142394e-04
2.917938633134239935e-04
2.944937986885387549e-04
2.972187162580938779e-04
2.999688471794884656e-04
3.027444247489946300e-04
3.055456844215484642e-04
3.083728638307236484e-04
3.112262028088902920e-04
3.141059434075600416e-04
3.170123299179197318e-04
3.199456088915545544e-04
3.229060291613635651e-04
3.258938418626682325e-04
3.289093004545165229e-04
3.319526607411841471e-04
3.350241808938745963e-04
3.381241214726201879e-04
3.412527454483853164e-04
3.444103182253749969e-04
3.475971076635490280e-04
3.508133841013449179e-04
3.540594203786107661e-04
3.573354918597510281e-04
3.606418764570853259e-04
3.639788546544244787e-04
3.673467095308639158e-04
3.707457267847979413e-04
3.741761947581552852e-04
3.776384044608597883e-04
3.811326495955170350e-04
3.846592265823292655e-04
3.882184345842411679e-04
3.918105755323179613e-04
3.954359541513586965e-04
3.990948779857462917e-04
4.027876574255366895e-04
4.065146057327898455e-04
4.102760390681436313e-04
4.140722765176345029e-04
4.179036401197655840e-04
4.217704548928255244e-04
4.256730488624603037e-04
4.296117530894996055e-04
4.335869016980414478e-04
4.375988319037959931e-04
4.416478840426920054e-04
4.457344015997478535e-04
4.498587312382094981e-04
4.540212228289584461e-04
4.582222294801917848e-04
4.624621075673763571e-04
4.667412167634807092e-04
4.710599200694862740e-04
4.754185838451813694e-04
4.798175778402395284e-04
4.842572752255859558e-04
4.887380526250539002e-04
4.932602901473342495e-04
4.978243714182198658e-04
5.024306836131497023e-04
5.070796174900529200e-04
5.117715674224970670e-04
5.165069314331437395e-04
5.212861112275125886e-04
5.261095122280585535e-04
5.309775436085648146e-04
5.358906183288527671e-04
5.408491531698135686e-04
5.458535687687651652e-04
5.509042896551342517e-04
5.560017442864699988e-04
5.611463650847906296e-04
5.663385884732657742e-04
5.715788549132391544e-04
5.768676089415931182e-04
5.822052992084590347e-04
5.875923785152770184e-04
5.930293038532069355e-04
5.985165364418961126e-04
6.040545417686047237e-04
6.096437896276935171e-04
6.152847541604768112e-04
6.209779138954445513e-04
6.267237517888563569e-04
6.325227552657109202e-04
6.383754162610951995e-04
6.442822312619151445e-04
6.502437013490136976e-04
6.562603322396778080e-04
6.623326343305386849e-04
6.684611227408694114e-04
6.746463173562833879e-04
6.808887428728358816e-04
6.871889288415350796e-04
6.935474097132647044e-04
6.999647248841212293e-04
7.064414187411718719e-04
7.129780407086352099e-04
7.195751452944899483e-04
7.262332921375135725e-04
7.329530460547576103e-04
7.397349770894612363e-04
7.465796605594087485e-04
7.534876771057347124e-04
7.604596127421796997e-04
7.674960589048026921e-04
7.745976125021531876e-04
7.817648759659074536e-04
7.889984573019733719e-04
7.962989701420683216e-04
8.036670337957741101e-04
8.111032733030733993e-04
8.186083194873727212e-04
8.261828090090154444e-04
8.338273844192909800e-04
8.415426942149426123e-04
8.493293928931797002e-04
8.571881410071997788e-04
8.651196052222243560e-04
8.731244583720518737e-04
8.812033795161354228e-04
8.893570539971875971e-04
8.975861734993193170e-04
9.058914361067157668e-04
9.142735463628553008e-04
9.227332153302771718e-04
9.312711606509009024e-04
9.398881066069055381e-04
9.485847841821698663e-04
9.573619311242837935e-04
9.662202920071315303e-04
9.751606182940542825e-04
9.841836684015984119e-04
9.932902077638518842e-04
1.002481008897376921e-03
1.011756851466744274e-03
1.021118522350671076e-03
1.030566815708774302e-03
1.040102533048938970e-03
1.049726483295311714e-03
1.059439482856921891e-03
1.069242355696938462e-03
1.079135933402568075e-03
1.089121055255598677e-03
1.099198568303597122e-03
1.109369327431765102e-03
1.119634195435459476e-03
1.129994043093384163e-03
1.140449749241459216e-03
1.151002200847374033e-03
1.161652293085827740e-03
1.172400929414470173e-03
1.183249021650541319e-03
1.194197490048222194e-03
1.205247263376700876e-03
1.216399278998961473e-03
1.227654482951299943e-03
1.239013830023579345e-03
1.250478283840224074e-03
1.262048816941965671e-03
1.273726410868344103e-03
1.285512056240973189e-03
1.297406752847575376e-03
1.309411509726795186e-03
1.321527345253796547e-03
1.333755287226653105e-03
1.346096372953537162e-03
1.358551649340714387e-03
1.371122172981355811e-03
1.383809010245168379e-03
1.396613237368856449e-03
1.409535940547419850e-03
1.422578216026297625e-03
1.435741170194362003e-03
1.449025919677776261e-03
1.462433591434717786e-03
1.475965322850979764e-03
1.489622261836456504e-03
1.503405566922522574e-03
1.517316407360309871e-03
1.531355963219898893e-03
1.545525425490423994e-03
1.559825996181106282e-03
1.574258888423221096e-03
1.588825326573009176e-03
1.603526546315540416e-03
1.618363794769537558e-03
1.633338330593170915e-03
1.648451424090831459e-03
1.663704357320892500e-03
1.679098424204466221e-03
1.694634930635170907e-03
1.710315194589908218e-03
1.726140546240671108e-03
1.742112328067381942e-03
1.758231894971777100e-03
1.774500614392344111e-03
1.790919866420323265e-03
1.807491043916781281e-03
1.824215552630770914e-03
1.841094811318579744e-03
1.858130251864085515e-03
1.875323319400224939e-03
1.892675472431585085e-03
1.910188182958129713e-03
1.927862936600070092e-03
1.945701232723893092e-03
1.963704584569551763e-03
1.981874519378836602e-03
2.000212578524933164e-03
2.018720317643175541e-03
2.037399306763016532e-03
2.056251130441210610e-03
2.075277387896237204e-03
2.094479693143960417e-03
2.113859675134550746e-03
2.133418977890667954e-03
2.153159260646927194e-03
2.173082197990651443e-03
2.193189480003930169e-03
2.213482812406989460e-03
2.233963916702890514e-03
2.254634530323566029e-03
2.275496406777209255e-03
2.296551315797023488e-03
2.317801043491353290e-03
2.339247392495199130e-03
2.360892182123138904e-03
2.382737248523658907e-03
2.404784444834921157e-03
2.427035641341961439e-03
2.449492725635351448e-03
2.472157602771322873e-03
2.495032195433375538e-03
2.518118444095380874e-03
2.541418307186193298e-03
2.564933761255787283e-03
2.588666801142929224e-03
2.612619440144400146e-03
2.636793710185787471e-03
2.661191661993854950e-03
2.685815365270506367e-03
2.710666908868363412e-03
2.735748400967960743e-03
2.761061969256589036e-03
2.786609761108786460e-03
2.812393943768502422e-03
2.838416704532950065e-03
2.864680250938151426e-03
2.891186810946210373e-03
2.917938633134308131e-03
2.944937986885456070e-03
2.972187162581007951e-03
2.999688471794953720e-03
3.027444247490016123e-03
3.055456844215555332e-03
3.083728638307308041e-03
3.112262028088975344e-03
3.141059434075673274e-03
3.170123299179271152e-03
3.199456088915619920e-03
3.229060291613710786e-03
3.258938418626757677e-03
3.289093004545241665e-03
3.319526607411918667e-03
3.350241808938824676e-03
3.381241214726280701e-03
3.412527454483933829e-03
3.444103182253831826e-03
3.475971076635572896e-03
3.508133841013531904e-03
3.540594203786191687e-03
3.573354918597594198e-03
3.606418764570937935e-03
3.639788546544329897e-03
3.673467095308725894e-03
3.707457267848066583e-03
3.741761947581640456e-03
3.776384044608686787e-03
3.811326495955259797e-03
3.846592265823383077e-03
3.882184345842502535e-03
3.918105755323270795e-03
3.954359541513679556e-03
3.990948779857555508e-03
4.027876574255460571e-03
4.065146057327992564e-03
4.102760390681531831e-03
4.140722765176441632e-03
4.179036401197752659e-03
4.217704548928353364e-03
4.256730488624700832e-03
4.296117530895095585e-03
4.335869016980515092e-03
4.375988319038061521e-03
4.416478840427023704e-03
4.457344015997581968e-03
4.498587312382199173e-03
4.540212228289690170e-03
4.582222294802024316e-03
4.624621075673871450e-03
4.667412167634916488e-03
4.710599200694973870e-03
4.754185838451925258e-03
4.798175778402508258e-03
4.842572752255973507e-03
4.887380526250654361e-03
4.932602901473457854e-03
4.978243714182315101e-03
5.024306836131614551e-03
5.070796174900647595e-03
5.117715674225090799e-03
5.165069314331558609e-03
5.212861112275247316e-03
5.261095122280708483e-03
5.309775436085772612e-03
5.358906183288652571e-03
5.408491531698262321e-03
5.458535687687779588e-03
5.509042896551471537e-03
5.560017442864830309e-03
5.611463650848038352e-03
5.663385884732790448e-03
5.715788549132526201e-03
5.768676089416066924e-03
5.822052992084727173e-03
5.875923785152907010e-03
5.930293038532207482e-03
5.985165364419101422e-03
6.040545417686189918e-03
6.096437896277079153e-03
6.152847541604912311e-03
6.209779138954591229e-03
6.267237517888710370e-03
6.325227552657257737e-03
6.383754162611100964e-03
6.442822312619301932e-03
6.502437013490289415e-03
6.562603322396932254e-03
6.623326343305541673e-03
6.684611227408852191e-03
6.746463173562992389e-03
6.808887428728519278e-03
6.871889288415513643e-03
6.935474097132810975e-03
6.999647248841377525e-03
7.064414187411885253e-03
7.129780407086521235e-03
7.195751452945070570e-03
7.262332921375308330e-03
7.329530460547748275e-03
7.397349770894785619e-03
7.465796605594262475e-03
7.534876771057524500e-03
7.604596127421976541e-03
7.674960589048208416e-03
7.745976125021714238e-03
7.817648759659257332e-03
7.889984573019918901e-03
7.962989701420871216e-03
8.036670337957929969e-03
8.111032733030924813e-03
8.186083194873919333e-03
8.261828090090348950e-03
8.338273844193106257e-03
8.415426942149624098e-03
8.493293928931996278e-03
8.571881410072200100e-03
8.651196052222446739e-03
8.731244583720723651e-03
8.812033795161560226e-03
8.893570539972084354e-03
8.975861734993404589e-03
9.058914361067369955e-03
9.142735463628766379e-03
9.227332153302986173e-03
9.312711606509227816e-03
9.398881066069274606e-03
9.485847841821921575e-03
9.573619311243062799e-03
9.662202920071541468e-03
9.751606182940773110e-03
9.841836684016214837e-03
9.932902077638751728e-03
1.002481008897400556e-02
1.011756851466767866e-02
1.021118522350694842e-02
1.030566815708798371e-02
1.040102533048963343e-02
1.049726483295336521e-02
1.059439482856946828e-02
1.069242355696963832e-02
1.079135933402593575e-02
1.089121055255624394e-02
1.099198568303623273e-02
1.109369327431791383e-02
1.119634195435485931e-02
1.129994043093410748e-02
1.140449749241486191e-02
1.151002200847401138e-02
1.161652293085855409e-02
1.172400929414498146e-02
1.183249021650569638e-02
1.194197490048250730e-02
1.205247263376729716e-02
1.216399278998990356e-02
1.227654482951329173e-02
1.239013830023608966e-02
1.250478283840253738e-02
1.262048816941995638e-02
1.273726410868374417e-02
1.285512056241003634e-02
1.297406752847606211e-02
1.309411509726826281e-02
1.321527345253828076e-02
1.333755287226684981e-02
1.346096372953569167e-02
1.358551649340746827e-02
1.371122172981388727e-02
1.383809010245201643e-02
1.396613237368890016e-02
1.409535940547453937e-02
1.422578216026331929e-02
1.435741170194396697e-02
1.449025919677811129e-02
1.462433591434752871e-02
1.475965322851015282e-02
1.489622261836492413e-02
1.503405566922558570e-02
1.517316407360346300e-02
1.531355963219935973e-02
1.545525425490461464e-02
1.559825996181144099e-02
1.574258888423259173e-02
1.588825326573047383e-02
1.603526546315579143e-02
1.618363794769576286e-02
1.633338330593210250e-02
1.648451424090871184e-02
1.663704357320932442e-02
1.679098424204506640e-02
1.694634930635211673e-02
1.710315194589949114e-02
1.726140546240712698e-02
1.742112328067423749e-02
1.758231894971819254e-02
1.774500614392386655e-02
1.790919866420365852e-02
1.807491043916824650e-02
1.824215552630814585e-02
1.841094811318623459e-02
1.858130251864129751e-02
1.875323319400269348e-02
1.892675472431629841e-02
1.910188182958174816e-02
1.927862936600115845e-02
1.945701232723939106e-02
1.963704584569598427e-02
1.981874519378883787e-02
2.000212578524980522e-02
2.018720317643223419e-02
2.037399306763064757e-02
2.056251130441259095e-02
2.075277387896285949e-02
2.094479693144009683e-02
2.113859675134600186e-02
2.133418977890718174e-02
2.153159260646977588e-02
2.173082197990702444e-02
2.193189480003981603e-02
2.213482812407041589e-02
2.233963916702942989e-02
2.254634530323619546e-02
2.275496406777263031e-02
2.296551315797077872e-02
2.317801043491407934e-02
2.339247392495254554e-02
2.360892182123194502e-02
2.382737248523715198e-02
2.404784444834977969e-02
2.427035641342019379e-02
2.449492725635410081e-02
2.472157602771381940e-02
2.495032195433435213e-02
2.518118444095440722e-02
2.541418307186254014e-02
2.564933761255848779e-02
2.588666801142991067e-02
2.612619440144462249e-02
2.636793710185850181e-02
2.661191661993918267e-02
2.685815365270570812e-02
2.710666908868428204e-02
2.735748400968026142e-02
2.761061969256655216e-02
2.786609761108853334e-02
2.812393943768570423e-02
2.838416704533018586e-02
2.864680250938220901e-02
2.891186810946280369e-02
2.917938633134379081e-02
2.944937986885527714e-02
2.972187162581079942e-02
2.999688471795027012e-02
3.027444247490090196e-02
3.055456844215630186e-02
3.083728638307383502e-02
3.112262028089050891e-02
3.141059434075749862e-02
3.170123299179348347e-02
3.199456088915698243e-02
3.229060291613789629e-02
3.258938418626837474e-02
3.289093004545322330e-02
3.319526607412000285e-02
3.350241808938906468e-02
3.381241214726363187e-02
3.412527454484016315e-02
3.444103182253915180e-02
3.475971076635657464e-02
3.508133841013617166e-02
3.540594203786278510e-02
3.573354918597682062e-02
3.606418764571026753e-02
3.639788546544420189e-02
3.673467095308816793e-02
3.707457267848157656e-02
3.741761947581732917e-02
3.776384044608779855e-02
3.811326495955354166e-02
3.846592265823478574e-02
3.882184345842598638e-02
3.918105755323368633e-02
3.954359541513777221e-02
3.990948779857654560e-02
4.027876574255560144e-02
4.065146057328093698e-02
4.102760390681633312e-02
4.140722765176543807e-02
4.179036401197856743e-02
4.217704548928458141e-02
4.256730488624807518e-02
4.296117530895202097e-02
4.335869016980622298e-02
4.375988319038169594e-02
4.416478840427131430e-02
4.457344015997691949e-02
4.498587312382310022e-02
4.540212228289801366e-02
4.582222294802137247e-02
4.624621075673984727e-02
4.667412167635030806e-02
4.710599200695089056e-02
4.754185838452041485e-02
4.798175778402625352e-02
4.842572752256091295e-02
4.887380526250773710e-02
4.932602901473578244e-02
4.978243714182437052e-02
5.024306836131738063e-02
5.070796174900771974e-02
5.117715674225216393e-02
5.165069314331684203e-02
5.212861112275374992e-02
5.261095122280837894e-02
5.309775436085902717e-02
5.358906183288783542e-02
5.408491531698395027e-02
5.458535687687914029e-02
5.509042896551606672e-02
5.560017442864966658e-02
5.611463650848175222e-02
5.663385884732929226e-02
5.715788549132665847e-02
5.768676089416208130e-02
5.822052992084869594e-02
5.875923785153050471e-02
5.930293038532352679e-02
5.985165364419247486e-02
6.040545417686336849e-02
6.096437896277227125e-02
6.152847541605062365e-02
6.209779138954741456e-02
6.267237517888862852e-02
6.325227552657411434e-02
6.383754162611254834e-02
6.442822312619458924e-02
6.502437013490447448e-02
6.562603322397091155e-02
6.623326343305702135e-02
6.684611227409013867e-02
6.746463173563155280e-02
6.808887428728682689e-02
6.871889288415677921e-02
6.935474097132976468e-02
6.999647248841545100e-02
7.064414187412053348e-02
7.129780407086690197e-02
7.195751452945241267e-02
7.262332921375480588e-02
7.329530460547922788e-02
7.397349770894962040e-02
7.465796605594440805e-02
7.534876771057705258e-02
7.604596127422158514e-02
7.674960589048392123e-02
7.745976125021900027e-02
7.817648759659444335e-02
7.889984573020107639e-02
7.962989701421060995e-02
8.036670337958122523e-02
8.111032733031117714e-02
8.186083194874113622e-02
8.261828090090544974e-02
8.338273844193305750e-02
8.415426942149822898e-02
8.493293928932196812e-02
8.571881410072403062e-02
8.651196052222652477e-02
8.731244583720931818e-02
8.812033795161770822e-02
8.893570539972296685e-02
8.975861734993619001e-02
9.058914361067586796e-02
9.142735463628987036e-02
9.227332153303209605e-02
9.312711606509452289e-02
9.398881066069500467e-02
9.485847841822149518e-02
9.573619311243293517e-02
9.662202920071774614e-02
9.751606182941006951e-02
9.841836684016452841e-02
9.932902077638991467e-02
1.002481008897424808e-01
1.011756851466792256e-01
1.021118522350719510e-01
1.030566815708823108e-01
1.040102533048988392e-01
1.049726483295361501e-01
1.059439482856972120e-01
1.069242355696989333e-01
1.079135933402619318e-01
1.089121055255650450e-01
1.099198568303649398e-01
1.109369327431817820e-01
1.119634195435512680e-01
1.129994043093437706e-01
1.140449749241513461e-01
1.151002200847428547e-01
1.161652293085883025e-01
1.172400929414526005e-01
1.183249021650597671e-01
1.194197490048278937e-01
1.205247263376758304e-01
1.216399278999019118e-01
1.227654482951358317e-01
1.239013830023638213e-01
1.250478283840283367e-01
1.262048816942025475e-01
1.273726410868404602e-01
1.285512056241034373e-01
1.297406752847636846e-01
1.309411509726857437e-01
1.321527345253859509e-01
1.333755287226716657e-01
1.346096372953601017e-01
1.358551649340778988e-01
1.371122172981421028e-01
1.383809010245234117e-01
1.396613237368923011e-01
1.409535940547487209e-01
1.422578216026365583e-01
1.435741170194430594e-01
1.449025919677845442e-01
1.462433591434787461e-01
1.475965322851049977e-01
1.489622261836527628e-01
1.503405566922594305e-01
1.517316407360382313e-01
1.531355963219971916e-01
1.545525425490497928e-01
1.559825996181180841e-01
1.574258888423296365e-01
1.588825326573085062e-01
1.603526546315616752e-01
1.618363794769614450e-01
1.633338330593248622e-01
1.648451424090909834e-01
1.663704357320971439e-01
1.679098424204545914e-01
1.694634930635250947e-01
1.710315194589988874e-01
1.726140546240752527e-01
1.742112328067464411e-01
1.758231894971860054e-01
1.774500614392427733e-01
1.790919866420407625e-01
1.807491043916866769e-01
1.824215552630857051e-01
1.841094811318666480e-01
1.858130251864172910e-01
1.875323319400313271e-01
1.892675472431674111e-01
1.910188182958219572e-01
1.927862936600160670e-01
1.945701232723984486e-01
1.963704584569644085e-01
1.981874519378930277e-01
2.000212578525027152e-01
2.018720317643270534e-01
2.037399306763111873e-01
2.056251130441306973e-01
2.075277387896334313e-01
2.094479693144058463e-01
2.113859675134649729e-01
2.133418977890768065e-01
2.153159260647027895e-01
2.173082197990753028e-01
2.193189480004032466e-01
2.213482812407092937e-01
2.233963916702995101e-01
2.254634530323672004e-01
2.275496406777315905e-01
2.296551315797131509e-01
2.317801043491462265e-01
2.339247392495309164e-01
2.360892182123249805e-01
2.382737248523771334e-01
2.404784444835034452e-01
2.427035641342076278e-01
2.449492725635467327e-01
2.472157602771439810e-01
2.495032195433493083e-01
2.518118444095499564e-01
2.541418307186313341e-01
2.564933761255908662e-01
2.588666801143051921e-01
2.612619440144523519e-01
2.636793710185912354e-01
2.661191661993980717e-01
2.685815365270634025e-01
2.710666908868491487e-01
2.735748400968090466e-01
2.761061969256720094e-01
2.786609761108918559e-01
2.812393943768636273e-01
2.838416704533084922e-01
2.864680250938287931e-01
2.891186810946347885e-01
2.917938633134447568e-01
2.944937986885596826e-01
2.972187162581149678e-01
2.999688471795097788e-01
3.027444247490161389e-01
3.055456844215701517e-01
3.083728638307455250e-01
3.112262028089123889e-01
3.141059434075823553e-01
3.170123299179422038e-01
3.199456088915772489e-01
3.229060291613864986e-01
3.258938418626913247e-01
3.289093004545398657e-01
3.319526607412077168e-01
3.350241808938984045e-01
3.381241214726442013e-01
3.412527454484095557e-01
3.444103182253995254e-01
3.475971076635738233e-01
3.508133841013699183e-01
3.540594203786360805e-01
3.573354918597765884e-01
3.606418764571110991e-01
3.639788546544505121e-01
3.673467095308902697e-01
3.707457267848244808e-01
3.741761947581820902e-01
3.776384044608868673e-01
3.811326495955443261e-01
3.846592265823567947e-01
3.882184345842689677e-01
3.918105755323459949e-01
3.954359541513869369e-01
3.990948779857747541e-01
4.027876574255654374e-01
4.065146057328187790e-01
4.102760390681728375e-01
4.140722765176640396e-01
4.179036401197953610e-01
4.217704548928556396e-01
4.256730488624906328e-01
4.296117530895302017e-01
4.335869016980723467e-01
4.375988319038272567e-01
4.416478840427235930e-01
4.457344015997796727e-01
4.498587312382415493e-01
4.540212228289908780e-01
4.582222294802245077e-01
4.624621075674094639e-01
4.667412167635140996e-01
4.710599200695199662e-01
4.754185838452153479e-01
4.798175778402738456e-01
4.842572752256205648e-01
4.887380526250889035e-01
4.932602901473694956e-01
4.978243714182554180e-01
5.024306836131856580e-01
5.070796174900891184e-01
5.117715674225336020e-01
5.165069314331806050e-01
5.212861112275496422e-01
5.261095122280960990e-01
5.309775436086027200e-01
5.358906183288908442e-01
5.408491531698521593e-01
5.458535687688040872e-01
5.509042896551734625e-01
5.560017442865096138e-01
5.611463650848306228e-01
5.663385884733062037e-01
5.715788549132799767e-01
5.768676089416343578e-01
5.822052992085006151e-01
5.875923785153189804e-01
5.930293038532492567e-01
5.985165364419389178e-01
6.040545417686480345e-01
6.096437896277371316e-01
6.152847541605208637e-01
6.209779138954889532e-01
6.267237517889010512e-01
6.325227552657560759e-01
6.383754162611408045e-01
6.442822312619611580e-01
6.502437013490601769e-01
6.562603322397246863e-01
6.623326343305859787e-01
6.684611227409172907e-01
6.746463173563316262e-01
6.808887428728843672e-01
6.871889288415841124e-01
6.935474097133141891e-01
6.999647248841710523e-01
7.064414187412221269e-01
7.129780407086859784e-01
7.195751452945412519e-01
7.262332921375652672e-01
7.329530460548097093e-01
7.397349770895136345e-01
7.465796605594616775e-01
7.534876771057881228e-01
7.604596127422336149e-01
7.674960589048570592e-01
7.745976125022081549e-01
7.817648759659628910e-01
7.889984573020293324e-01
7.962989701421248068e-01
8.036670337958310428e-01
8.111032733031307007e-01
8.186083194874305136e-01
8.261828090090739263e-01
8.338273844193501150e-01
8.415426942150021627e-01
8.493293928932397208e-01
8.571881410072604845e-01
8.651196052222857036e-01
8.731244583721138319e-01
8.812033795161978711e-01
8.893570539972505129e-01
8.975861734993828556e-01
9.058914361067798016e-01
9.142735463629199089e-01
9.227332153303423601e-01
9.312711606509667117e-01
9.398881066069717516e-01
9.485847841822369064e-01
9.573619311243514174e-01
9.662202920071997214e-01
9.751606182941232603e-01
9.841836684016680437e-01
9.932902077639221838e-01
1.002481008897448067e+00
1.011756851466815821e+00
1.021118522350743296e+00
1.030566815708847228e+00
1.040102533049012568e+00
1.049726483295386092e+00
1.059439482856997072e+00
1.069242355697014535e+00
1.079135933402644687e+00
1.089121055255676040e+00
1.099198568303675128e+00
1.109369327431843688e+00
1.119634195435538881e+00
1.129994043093464295e+00
1.140449749241540189e+00
1.151002200847455637e+00
1.161652293085910337e+00
1.172400929414553650e+00
1.183249021650625510e+00
1.194197490048307220e+00
1.205247263376786782e+00
1.216399278999047873e+00
1.227654482951387349e+00
1.239013830023667495e+00
1.250478283840313010e+00
1.262048816942055396e+00
1.273726410868434744e+00
1.285512056241064682e+00
1.297406752847667599e+00
1.309411509726888356e+00
1.321527345253890706e+00
1.333755287226748187e+00
1.346096372953633047e+00
1.358551649340811185e+00
1.371122172981453557e+00
1.383809010245266924e+00
1.396613237368956151e+00
1.409535940547520516e+00
1.422578216026399112e+00
1.435741170194464456e+00
1.449025919677879415e+00
1.462433591434821878e+00
1.475965322851084727e+00
1.489622261836562656e+00
1.503405566922629388e+00
1.517316407360417729e+00
1.531355963220007999e+00
1.545525425490534177e+00
1.559825996181217533e+00
1.574258888423333280e+00
1.588825326573122476e+00
1.603526546315654500e+00
1.618363794769652753e+00
1.633338330593287369e+00
1.648451424090949136e+00
1.663704357321011074e+00
1.679098424204585882e+00
1.694634930635291470e+00
1.710315194590029675e+00
1.726140546240793716e+00
1.742112328067505711e+00
1.758231894971902021e+00
1.774500614392470199e+00
1.790919866420450424e+00
1.807491043916909845e+00
1.824215552630900516e+00
1.841094811318710223e+00
1.858130251864217097e+00
1.875323319400357791e+00
1.892675472431718964e+00
1.910188182958264758e+00
1.927862936600206467e+00
1.945701232724030616e+00
1.963704584569690770e+00
1.981874519378977295e+00
2.000212578525074836e+00
2.018720317643318385e+00
2.037399306763160833e+00
2.056251130441355990e+00
2.075277387896383718e+00
2.094479693144108534e+00
2.113859675134699856e+00
2.133418977890818358e+00
2.153159260647079076e+00
2.173082197990805042e+00
2.193189480004085201e+00
2.213482812407145950e+00
2.233963916703048280e+00
2.254634530323725627e+00
2.275496406777369973e+00
2.296551315797186188e+00
2.317801043491517277e+00
2.339247392495364952e+00
2.360892182123305538e+00
2.382737248523827844e+00
2.404784444835091239e+00
2.427035641342133676e+00
2.449492725635525225e+00
2.472157602771498208e+00
2.495032195433552147e+00
2.518118444095558850e+00
2.541418307186373404e+00
2.564933761255969280e+00
2.588666801143112650e+00
2.612619440144585248e+00
2.636793710185974415e+00
2.661191661994043223e+00
2.685815365270697086e+00
2.710666908868555325e+00
2.735748400968154748e+00
2.761061969256784820e+00
2.786609761108984173e+00
2.812393943768701998e+00
2.838416704533151425e+00
2.864680250938355321e+00
2.891186810946416053e+00
2.917938633134516291e+00
2.944937986885666437e+00
2.972187162581219955e+00
2.999688471795168176e+00
3.027444247490232776e+00
3.055456844215774126e+00
3.083728638307528414e+00
3.112262028089197496e+00
3.141059434075897716e+00
3.170123299179496978e+00
3.199456088915848540e+00
3.229060291613941480e+00
3.258938418626990963e+00
3.289093004545476706e+00
3.319526607412155883e+00
3.350241808939063315e+00
3.381241214726521616e+00
3.412527454484176381e+00
3.444103182254076856e+00
3.475971076635820722e+00
3.508133841013782561e+00
3.540594203786444627e+00
3.573354918597849927e+00
3.606418764571196256e+00
3.639788546544590719e+00
3.673467095308989183e+00
3.707457267848332627e+00
3.741761947581909720e+00
3.776384044608958490e+00
3.811326495955534188e+00
3.846592265823659762e+00
3.882184345842782047e+00
3.918105755323552764e+00
3.954359541513963627e+00
3.990948779857842688e+00
4.027876574255750519e+00
4.065146057328285600e+00
4.102760390681827296e+00
4.140722765176739095e+00
4.179036401198054307e+00
4.217704548928657537e+00
4.256730488625008135e+00
4.296117530895405601e+00
4.335869016980827162e+00
4.375988319038377483e+00
4.416478840427341623e+00
4.457344015997903419e+00
4.498587312382523073e+00
4.540212228290017471e+00
4.582222294802354767e+00
4.624621075674204107e+00
4.667412167635252018e+00
4.710599200695311239e+00
4.754185838452266388e+00
4.798175778402852032e+00
4.842572752256320889e+00
4.887380526251004831e+00
4.932602901473812196e+00
4.978243714182672086e+00
5.024306836131975373e+00
5.070796174901011533e+00
5.117715674225458145e+00
5.165069314331929284e+00
5.212861112275620989e+00
5.261095122281086667e+00
5.309775436086153988e+00
5.358906183289036562e+00
5.408491531698651045e+00
5.458535687688170768e+00
5.509042896551866519e+00
5.560017442865229143e+00
5.611463650848439677e+00
5.663385884733196818e+00
5.715788549132936325e+00
5.768676089416481467e+00
5.822052992085145817e+00
5.875923785153330137e+00
5.930293038532634675e+00
5.985165364419532175e+00
6.040545417686623786e+00
6.096437896277516089e+00
6.152847541605354742e+00
6.209779138955036970e+00
6.267237517889159726e+00
6.325227552657711527e+00
6.383754162611559480e+00
6.442822312619764347e+00
6.502437013490756534e+00
6.562603322397403183e+00
6.623326343306017883e+00
6.684611227409330780e+00
6.746463173563475912e+00
6.808887428729006430e+00
6.871889288416005215e+00
6.935474097133306870e+00
