1.026058654102253346e-07
1.035552657936657803e-07
1.045134508706953507e-07
1.054805019250830693e-07
1.064565009927073653e-07
1.074415308685153366e-07
1.084356751135462932e-07
1.094390180620203121e-07
1.104516448284924095e-07
1.114736413150728745e-07
1.125050942187144262e-07
1.135460910385668550e-07
1.145967200833995460e-07
1.156570704790929560e-07
1.167272321761990837e-07
1.178072959575721518e-07
1.188973534460698302e-07
1.199974971123256103e-07
1.211078202825932303e-07
1.222284171466636538e-07
1.233593827658551847e-07
1.245008130810777762e-07
1.256528049209715623e-07
1.268154560101211975e-07
1.279888649773456361e-07
1.291731313640651767e-07
1.303683556327454804e-07
1.315746391754199669e-07
1.327920843222909832e-07
1.340207943504106481e-07
1.352608734924417666e-07
1.365124269455001653e-07
1.377755608800786086e-07
1.390503824490532733e-07
1.403369997967737883e-07
1.416355220682370255e-07
1.429460594183461752e-07
1.442687230212550815e-07
1.456036250797995308e-07
1.469508788350152017e-07
1.483105985757442370e-07
1.496828996483304878e-07
1.510678984664043065e-07
1.524657125207580772e-07
1.538764603893131992e-07
1.553002617471789477e-07
1.567372373768048783e-07
1.581875091782267228e-07
1.596512001794073376e-07
1.611284345466733681e-07
1.626193375952482613e-07
1.641240357998829797e-07
1.656426568055849972e-07
1.671753294384464240e-07
1.687221837165725844e-07
1.702833508611114712e-07
1.718589633073854263e-07
1.734491547161257883e-07
1.750540599848113026e-07
1.766738152591118800e-07
1.783085579444376530e-07
1.799584267175954199e-07
1.816235615385527143e-07
1.833041036623106137e-07
1.850001956508867402e-07
1.867119813854087212e-07
1.884396060783199605e-07
1.901832162856979587e-07
1.919429599196869837e-07
1.937189862610454607e-07
1.955114459718097238e-07
1.973204911080747638e-07
1.991462751328932162e-07
2.009889529292939402e-07
2.028486808134207966e-07
2.047256165477931076e-07
2.066199193546888566e-07
2.085317499296515022e-07
2.104612704551222320e-07
2.124086446141977369e-07
2.143740376045158865e-07
2.163576161522693602e-07
2.183595485263493499e-07
2.203800045526199451e-07
2.224191556283245481e-07
2.244771747366258040e-07
2.265542364612798104e-07
2.286505170014462777e-07
2.307661941866356421e-07
2.329014474917946703e-07
2.350564580525311613e-07
2.372314086804802099e-07
2.394264838788121092e-07
2.416418698578839046e-07
2.438777545510358969e-07
2.461343276305343110e-07
2.484117805236609512e-07
2.507103064289527290e-07
2.530301003325905328e-07
2.553713590249400343e-07
2.577342811172459139e-07
2.601190670584799285e-07
2.625259191523455212e-07
2.649550415744390793e-07
2.674066403895705410e-07
2.698809235692441958e-07
2.723781010093008466e-07
2.748983845477235529e-07
2.774419879826082297e-07
2.800091270903002108e-07
2.826000196436985776e-07
2.852148854307305305e-07
2.878539462729956953e-07
2.905174260445838077e-07
2.932055506910659324e-07
2.959185482486619197e-07
2.986566488635846782e-07
3.014200848115637557e-07
3.042090905175497602e-07
3.070239025756004704e-07
3.098647597689515459e-07
3.127319030902728966e-07
3.156255757621118760e-07
3.185460232575266859e-07
3.214934933209094639e-07
3.244682359890031829e-07
3.274705036121122024e-07
3.305005508755095445e-07
3.335586348210421102e-07
3.366450148689355838e-07
3.397599528398016194e-07
3.429037129768479979e-07
3.460765619682948771e-07
3.492787689699981422e-07
3.525106056282821315e-07
3.557723461029837502e-07
3.590642670907094010e-07
3.623866478483079612e-07
3.657397702165599649e-07
3.691239186440865372e-07
3.725393802114796691e-07
3.759864446556551555e-07
3.794654043944315856e-07
3.829765545513362324e-07
3.865201929806409113e-07
3.900966202926288666e-07
3.937061398790962344e-07
3.973490579390887146e-07
4.010256835048770012e-07
4.047363284681721869e-07
4.084813076065837907e-07
4.122609386103226302e-07
4.160755421091509742e-07
4.199254416995816716e-07
4.238109639723293237e-07
4.277324385400151441e-07
4.316901980651283632e-07
4.356845782882464017e-07
4.397159180565158764e-07
4.437845593523976168e-07
4.478908473226769608e-07
4.520351303077434075e-07
4.562177598711402083e-07
4.604390908293880798e-07
4.646994812820846250e-07
4.689992926422821646e-07
4.733388896671467821e-07
4.777186404889012320e-07
4.821389166460536679e-07
4.866000931149157386e-07
4.911025483414120631e-07
4.956466642731845797e-07
5.002328263919930382e-07
5.048614237464160833e-07
5.095328489848544111e-07
5.142474983888398106e-07
5.190057719066516775e-07
5.238080731872456603e-07
5.286548096144948615e-07
5.335463923417490988e-07
5.384832363267132877e-07
5.434657603666487532e-07
5.484943871339001219e-07
5.535695432117509673e-07
5.586916591306115985e-07
5.638611694045410034e-07
5.690785125681072872e-07
5.743441312135890421e-07
5.796584720285208233e-07
5.850219858335856980e-07
5.904351276208596293e-07
5.958983565924081210e-07
6.014121361992411571e-07
6.069769341806282358e-07
6.125932226037768866e-07
6.182614779038786945e-07
6.239821809245257943e-07
6.297558169585016481e-07
6.355828757889480112e-07
6.414638517309146511e-07
6.473992436732919252e-07
6.533895551211326764e-07
6.594352942383640806e-07
6.655369738908965423e-07
6.716951116901302708e-07
6.779102300368649392e-07
6.841828561656150713e-07
6.905135221893360288e-07
6.969027651445640906e-07
7.033511270369732729e-07
7.098591548873539721e-07
7.164274007780180877e-07
7.230564218996322157e-07
7.297467805984847334e-07
7.364990444241898486e-07
7.433137861778339048e-07
7.501915839605663794e-07
7.571330212226409733e-07
7.641386868129099703e-07
7.712091750287771571e-07
7.783450856666122724e-07
7.855470240726325929e-07
7.928156011942552592e-07
8.001514336319238333e-07
8.075551436914157596e-07
8.150273594366331643e-07
8.225687147428812270e-07
8.301798493506418563e-07
8.378614089198424554e-07
8.456140450846280365e-07
8.534384155086403916e-07
8.613351839408080230e-07
8.693050202716524469e-07
8.773486005901160571e-07
8.854666072409149382e-07
8.936597288824234023e-07
9.019286605450933228e-07
9.102741036904137680e-07
9.186967662704171833e-07
9.271973627877359331e-07
9.357766143562131200e-07
9.444352487620767859e-07
9.531740005256774971e-07
9.619936109637991583e-07
9.708948282525455972e-07
9.798784074908086375e-07
9.889451107643241183e-07
9.980957072103206253e-07
1.007330973082765591e-06
1.016651691818216179e-06
1.026058654102278545e-06
1.035552657936683108e-06
1.045134508706979209e-06
1.054805019250856368e-06
1.064565009927099541e-06
1.074415308685179438e-06
1.084356751135489349e-06
1.094390180620229724e-06
1.104516448284950909e-06
1.114736413150755718e-06
1.125050942187171579e-06
1.135460910385696079e-06
1.145967200834023307e-06
1.156570704790957565e-06
1.167272321762019107e-06
1.178072959575750159e-06
1.188973534460727154e-06
1.199974971123285114e-06
1.211078202825961578e-06
1.222284171466666238e-06
1.233593827658581969e-06
1.245008130810807885e-06
1.256528049209746275e-06
1.268154560101242574e-06
1.279888649773487436e-06
1.291731313640683054e-06
1.303683556327486409e-06
1.315746391754231379e-06
1.327920843222942178e-06
1.340207943504138774e-06
1.352608734924450171e-06
1.365124269455034475e-06
1.377755608800819121e-06
1.390503824490566085e-06
1.403369997967771447e-06
1.416355220682404348e-06
1.429460594183496163e-06
1.442687230212585808e-06
1.456036250798030512e-06
1.469508788350187540e-06
1.483105985757478527e-06
1.496828996483341300e-06
1.510678984664079541e-06
1.524657125207617935e-06
1.538764603893169155e-06
1.553002617471827488e-06
1.567372373768087217e-06
1.581875091782305874e-06
1.596512001794112552e-06
1.611284345466772962e-06
1.626193375952522000e-06
1.641240357998869766e-06
1.656426568055890153e-06
1.671753294384504898e-06
1.687221837165766502e-06
1.702833508611155687e-06
1.718589633073895714e-06
1.734491547161299441e-06
1.750540599848155272e-06
1.766738152591161310e-06
1.783085579444419570e-06
1.799584267175997874e-06
1.816235615385571295e-06
1.833041036623150765e-06
1.850001956508912400e-06
1.867119813854132846e-06
1.884396060783245663e-06
1.901832162857026174e-06
1.919429599196916635e-06
1.937189862610501670e-06
1.955114459718144778e-06
1.973204911080795231e-06
1.991462751328980390e-06
2.009889529292987895e-06
2.028486808134257412e-06
2.047256165477980680e-06
2.066199193546938647e-06
2.085317499296565950e-06
2.104612704551273671e-06
2.124086446142029514e-06
2.143740376045211487e-06
2.163576161522746541e-06
2.183595485263546862e-06
2.203800045526253131e-06
2.224191556283299585e-06
2.244771747366312726e-06
2.265542364612853426e-06
2.286505170014518522e-06
2.307661941866412908e-06
2.329014474918003560e-06
2.350564580525368629e-06
2.372314086804859803e-06
2.394264838788178796e-06
2.416418698578897173e-06
2.438777545510417838e-06
2.461343276305401873e-06
2.484117805236669228e-06
2.507103064289587642e-06
2.530301003325965891e-06
2.553713590249461541e-06
2.577342811172520973e-06
2.601190670584861860e-06
2.625259191523517998e-06
2.649550415744454109e-06
2.674066403895769255e-06
2.698809235692506651e-06
2.723781010093073264e-06
2.748983845477300962e-06
2.774419879826148366e-06
2.800091270903068388e-06
2.826000196437053327e-06
2.852148854307373174e-06
2.878539462730025775e-06
2.905174260445906898e-06
2.932055506910728993e-06
2.959185482486689501e-06
2.986566488635917933e-06
3.014200848115709343e-06
3.042090905175569600e-06
3.070239025756077549e-06
3.098647597689589045e-06
3.127319030902803188e-06
3.156255757621193722e-06
3.185460232575342033e-06
3.214934933209170449e-06
3.244682359890108486e-06
3.274705036121199634e-06
3.305005508755173690e-06
3.335586348210499877e-06
3.366450148689435565e-06
3.397599528398096874e-06
3.429037129768561718e-06
3.460765619683031568e-06
3.492787689700065066e-06
3.525106056282905489e-06
3.557723461029921570e-06
3.590642670907179454e-06
3.623866478483166115e-06
3.657397702165686681e-06
3.691239186440953464e-06
3.725393802114885312e-06
3.759864446556641023e-06
3.794654043944406277e-06
3.829765545513454439e-06
3.865201929806501969e-06
3.900966202926382581e-06
3.937061398791056682e-06
3.973490579390982755e-06
4.010256835048865938e-06
4.047363284681818113e-06
4.084813076065934575e-06
4.122609386103323711e-06
4.160755421091608316e-06
4.199254416995916349e-06
4.238109639723394140e-06
4.277324385400253085e-06
4.316901980651386229e-06
4.356845782882566614e-06
4.397159180565262949e-06
4.437845593524081094e-06
4.478908473226875382e-06
4.520351303077540801e-06
4.562177598711508915e-06
4.604390908293989006e-06
4.646994812820955306e-06
4.689992926422931125e-06
4.733388896671579205e-06
4.777186404889124551e-06
4.821389166460649546e-06
4.866000931149270676e-06
4.911025483414235828e-06
4.956466642731961629e-06
5.002328263920048120e-06
5.048614237464279206e-06
5.095328489848663966e-06
5.142474983888517961e-06
5.190057719066638748e-06
5.238080731872579000e-06
5.286548096145072281e-06
5.335463923417616561e-06
5.384832363267260355e-06
5.434657603666616069e-06
5.484943871339130180e-06
5.535695432117639904e-06
5.586916591306247698e-06
5.638611694045542382e-06
5.690785125681206703e-06
5.743441312136025734e-06
5.796584720285344394e-06
5.850219858335994411e-06
5.904351276208734783e-06
5.958983565924221818e-06
6.014121361992554508e-06
6.069769341806425718e-06
6.125932226037913074e-06
6.182614779038931576e-06
6.239821809245405539e-06
6.297558169585164077e-06
6.355828757889629613e-06
6.414638517309297706e-06
6.473992436733072565e-06
6.533895551211481135e-06
6.594352942383797083e-06
6.655369738909123818e-06
6.716951116901462797e-06
6.779102300368811175e-06
6.841828561656313344e-06
6.905135221893525672e-06
6.969027651445807983e-06
7.033511270369900230e-06
7.098591548873709763e-06
7.164274007780353249e-06
7.230564218996497281e-06
7.297467805985023093e-06
7.364990444242075516e-06
7.433137861778517349e-06
7.501915839605844212e-06
7.571330212226592057e-06
7.641386868129284779e-06
7.712091750287958342e-06
7.783450856666311401e-06
7.855470240726515453e-06
7.928156011942743810e-06
8.001514336319432092e-06
8.075551436914353261e-06
8.150273594366527519e-06
8.225687147429011111e-06
8.301798493506619945e-06
8.378614089198628689e-06
8.456140450846487676e-06
8.534384155086613557e-06
8.613351839408292624e-06
8.693050202716737498e-06
8.773486005901375083e-06
8.854666072409367493e-06
8.936597288824454040e-06
9.019286605451153245e-06
9.102741036904360449e-06
9.186967662704396932e-06
9.271973627877585066e-06
9.357766143562359687e-06
9.444352487620996981e-06
9.531740005257006634e-06
9.619936109638226211e-06
9.708948282525692295e-06
9.798784074908323968e-06
9.889451107643481317e-06
9.980957072103448081e-06
1.007330973082789944e-05
1.016651691818240743e-05
1.026058654102303490e-05
1.035552657936708392e-05
1.045134508707004620e-05
1.054805019250882160e-05
1.064565009927125545e-05
1.074415308685205739e-05
1.084356751135515776e-05
1.094390180620256574e-05
1.104516448284978014e-05
1.114736413150783246e-05
1.125050942187199446e-05
1.135460910385724158e-05
1.145967200834051809e-05
1.156570704790986322e-05
1.167272321762048118e-05
1.178072959575779424e-05
1.188973534460756673e-05
1.199974971123315098e-05
1.211078202825991945e-05
1.222284171466696604e-05
1.233593827658612590e-05
1.245008130810838971e-05
1.256528049209777361e-05
1.268154560101274126e-05
1.279888649773519327e-05
1.291731313640715284e-05
1.303683556327518639e-05
1.315746391754264244e-05
1.327920843222975085e-05
1.340207943504171978e-05
1.352608734924483882e-05
1.365124269455068484e-05
1.377755608800853214e-05
1.390503824490600771e-05
1.403369997967806430e-05
1.416355220682439331e-05
1.429460594183531315e-05
1.442687230212621257e-05
1.456036250798066088e-05
1.469508788350223412e-05
1.483105985757514696e-05
1.496828996483377680e-05
1.510678984664116471e-05
1.524657125207654739e-05
1.538764603893206425e-05
1.553002617471864799e-05
1.567372373768124953e-05
1.581875091782343948e-05
1.596512001794150838e-05
1.611284345466811629e-05
1.626193375952561217e-05
1.641240357998909407e-05
1.656426568055930176e-05
1.671753294384545005e-05
1.687221837165807413e-05
1.702833508611196811e-05
1.718589633073937261e-05
1.734491547161341157e-05
1.750540599848197454e-05
1.766738152591203789e-05
1.783085579444462134e-05
1.799584267176040692e-05
1.816235615385614578e-05
1.833041036623194768e-05
1.850001956508956827e-05
1.867119813854177570e-05
1.884396060783290471e-05
1.901832162857071363e-05
1.919429599196962544e-05
1.937189862610547833e-05
1.955114459718191450e-05
1.973204911080842411e-05
1.991462751329027824e-05
2.009889529293036091e-05
2.028486808134305608e-05
2.047256165478029808e-05
2.066199193546987690e-05
2.085317499296615416e-05
2.104612704551323731e-05
2.124086446142079828e-05
2.143740376045262140e-05
2.163576161522797871e-05
2.183595485263598531e-05
2.203800045526305309e-05
2.224191556283352440e-05
2.244771747366365496e-05
2.265542364612906450e-05
2.286505170014572309e-05
2.307661941866467287e-05
2.329014474918058024e-05
2.350564580525424025e-05
2.372314086804915538e-05
2.394264838788235123e-05
2.416418698578954094e-05
2.438777545510475352e-05
2.461343276305459895e-05
2.484117805236727843e-05
2.507103064289646849e-05
2.530301003326025861e-05
2.553713590249522019e-05
2.577342811172581705e-05
2.601190670584923524e-05
2.625259191523580170e-05
2.649550415744516790e-05
2.674066403895832952e-05
2.698809235692570940e-05
2.723781010093138147e-05
2.748983845477366607e-05
2.774419879826214773e-05
2.800091270903135558e-05
2.826000196437121175e-05
2.852148854307441698e-05
2.878539462730094639e-05
2.905174260445977032e-05
2.932055506910799720e-05
2.959185482486760397e-05
2.986566488635988999e-05
3.014200848115781341e-05
3.042090905175642360e-05
3.070239025756150818e-05
3.098647597689662737e-05
3.127319030902877303e-05
3.156255757621269278e-05
3.185460232575418435e-05
3.214934933209248207e-05
3.244682359890186751e-05
3.274705036121278238e-05
3.305005508755253142e-05
3.335586348210580599e-05
3.366450148689517050e-05
3.397599528398178952e-05
3.429037129768644303e-05
3.460765619683114832e-05
3.492787689700149007e-05
3.525106056282990955e-05
3.557723461030008137e-05
3.590642670907266275e-05
3.623866478483253698e-05
3.657397702165774773e-05
3.691239186441042910e-05
3.725393802114975182e-05
3.759864446556731909e-05
3.794654043944497841e-05
3.829765545513546258e-05
3.865201929806594803e-05
3.900966202926476093e-05
3.937061398791151550e-05
3.973490579391077962e-05
4.010256835048962669e-05
4.047363284681916199e-05
4.084813076066033509e-05
4.122609386103424169e-05
4.160755421091709113e-05
4.199254416996018501e-05
4.238109639723496800e-05
4.277324385400356423e-05
4.316901980651490753e-05
4.356845782882672323e-05
4.397159180565369337e-05
4.437845593524187990e-05
4.478908473226983294e-05
4.520351303077649899e-05
4.562177598711620046e-05
4.604390908294100476e-05
4.646994812821067283e-05
4.689992926423045135e-05
4.733388896671693216e-05
4.777186404889239917e-05
4.821389166460766267e-05
4.866000931149388244e-05
4.911025483414353565e-05
4.956466642732080722e-05
5.002328263920167382e-05
5.048614237464399992e-05
5.095328489848785600e-05
5.142474983888641120e-05
5.190057719066762414e-05
5.238080731872704360e-05
5.286548096145198998e-05
5.335463923417743616e-05
5.384832363267388596e-05
5.434657603666745326e-05
5.484943871339260961e-05
5.535695432117772210e-05
5.586916591306380852e-05
5.638611694045677399e-05
5.690785125681343414e-05
5.743441312136164309e-05
5.796584720285483138e-05
5.850219858336134680e-05
5.904351276208876745e-05
5.958983565924364119e-05
6.014121361992697657e-05
6.069769341806570222e-05
6.125932226038058933e-05
6.182614779039079299e-05
6.239821809245553431e-05
6.297558169585314679e-05
6.355828757889780555e-05
6.414638517309450172e-05
6.473992436733227572e-05
6.533895551211635973e-05
6.594352942383954123e-05
6.655369738909281535e-05
6.716951116901622039e-05
6.779102300368972111e-05
6.841828561656476313e-05
6.905135221893689149e-05
6.969027651445973155e-05
7.033511270370067096e-05
7.098591548873878492e-05
7.164274007780523502e-05
7.230564218996668382e-05
7.297467805985195549e-05
7.364990444242249835e-05
7.433137861778693362e-05
7.501915839606021919e-05
7.571330212226771289e-05
7.641386868129465028e-05
7.712091750288138929e-05
7.783450856666493682e-05
7.855470240726700106e-05
7.928156011942930157e-05
8.001514336319620472e-05
8.075551436914542996e-05
8.150273594366719287e-05
8.225687147429205589e-05
8.301798493506815102e-05
8.378614089198824862e-05
8.456140450846686221e-05
8.534384155086814812e-05
8.613351839408495234e-05
8.693050202716943835e-05
8.773486005901582436e-05
8.854666072409574508e-05
8.936597288824663088e-05
9.019286605451366020e-05
9.102741036904574579e-05
9.186967662704613772e-05
9.271973627877803600e-05
9.357766143562580932e-05
9.444352487621219920e-05
9.531740005257230929e-05
9.619936109638452877e-05
9.708948282525920316e-05
9.798784074908554022e-05
9.889451107643713065e-05
9.980957072103681523e-05
1.007330973082813593e-04
1.016651691818264630e-04
1.026058654102327580e-04
1.035552657936732786e-04
1.045134508707029082e-04
1.054805019250906962e-04
1.064565009927150718e-04
1.074415308685231217e-04
1.084356751135541458e-04
1.094390180620282257e-04
1.104516448285003865e-04
1.114736413150809369e-04
1.125050942187225806e-04
1.135460910385750619e-04
1.145967200834078440e-04
1.156570704791013224e-04
1.167272321762075223e-04
1.178072959575806732e-04
1.188973534460784049e-04
1.199974971123342712e-04
1.211078202826019660e-04
1.222284171466724793e-04
1.233593827658641118e-04
1.245008130810867702e-04
1.256528049209806397e-04
1.268154560101303569e-04
1.279888649773549007e-04
1.291731313640744896e-04
1.303683556327548895e-04
1.315746391754294602e-04
1.327920843223005646e-04
1.340207943504202878e-04
1.352608734924514952e-04
1.365124269455099892e-04
1.377755608800884960e-04
1.390503824490632687e-04
1.403369997967838752e-04
1.416355220682472026e-04
1.429460594183564349e-04
1.442687230212654664e-04
1.456036250798099698e-04
1.469508788350257428e-04
1.483105985757549017e-04
1.496828996483412510e-04
1.510678984664151538e-04
1.524657125207690416e-04
1.538764603893242407e-04
1.553002617471901188e-04
1.567372373768161748e-04
1.581875091782381014e-04
1.596512001794188243e-04
1.611284345466849237e-04
1.626193375952599300e-04
1.641240357998947626e-04
1.656426568055968597e-04
1.671753294384584036e-04
1.687221837165846716e-04
1.702833508611236520e-04
1.718589633073977377e-04
1.734491547161382018e-04
1.750540599848238654e-04
1.766738152591245260e-04
1.783085579444503943e-04
1.799584267176082704e-04
1.816235615385656795e-04
1.833041036623237255e-04
1.850001956508999653e-04
1.867119813854221141e-04
1.884396060783334788e-04
1.901832162857115816e-04
1.919429599197007336e-04
1.937189862610593167e-04
1.955114459718236986e-04
1.973204911080888625e-04
1.991462751329074309e-04
2.009889529293083050e-04
2.028486808134352974e-04
2.047256165478077649e-04
2.066199193547036208e-04
2.085317499296664341e-04
2.104612704551372926e-04
2.124086446142129498e-04
2.143740376045312284e-04
2.163576161522848490e-04
2.183595485263649556e-04
2.203800045526356944e-04
2.224191556283404414e-04
2.244771747366418216e-04
2.265542364612959509e-04
2.286505170014625570e-04
2.307661941866521159e-04
2.329014474918112505e-04
2.350564580525478845e-04
2.372314086804970697e-04
2.394264838788290892e-04
2.416418698579010269e-04
2.438777545510532408e-04
2.461343276305517154e-04
2.484117805236785441e-04
2.507103064289704854e-04
2.530301003326084408e-04
2.553713590249580973e-04
2.577342811172641471e-04
2.601190670584983562e-04
2.625259191523641360e-04
2.649550415744578386e-04
2.674066403895894819e-04
2.698809235692632875e-04
2.723781010093200895e-04
2.748983845477429694e-04
2.774419879826278538e-04
2.800091270903199933e-04
2.826000196437186023e-04
2.852148854307507428e-04
2.878539462730160775e-04
2.905174260446043914e-04
2.932055506910867483e-04
2.959185482486828838e-04
2.986566488636058117e-04
3.014200848115851611e-04
3.042090905175713579e-04
3.070239025756222239e-04
3.098647597689735650e-04
3.127319030902951029e-04
3.156255757621343546e-04
3.185460232575493245e-04
3.214934933209323423e-04
3.244682359890262375e-04
3.274705036121354539e-04
3.305005508755330798e-04
3.335586348210658526e-04
3.366450148689595790e-04
3.397599528398258370e-04
3.429037129768723992e-04
3.460765619683195469e-04
3.492787689700230323e-04
3.525106056283073218e-04
3.557723461030090671e-04
3.590642670907350301e-04
3.623866478483338672e-04
3.657397702165860560e-04
3.691239186441129375e-04
3.725393802115062325e-04
3.759864446556819323e-04
3.794654043944586204e-04
3.829765545513635840e-04
3.865201929806685063e-04
3.900966202926567437e-04
3.937061398791243030e-04
3.973490579391171203e-04
4.010256835049057266e-04
4.047363284682011474e-04
4.084813076066129596e-04
4.122609386103520527e-04
4.160755421091806962e-04
4.199254416996117028e-04
4.238109639723596682e-04
4.277324385400457524e-04
4.316901980651591990e-04
4.356845782882774916e-04
4.397159180565472607e-04
4.437845593524292480e-04
4.478908473227089003e-04
4.520351303077755744e-04
4.562177598711726840e-04
4.604390908294207947e-04
4.646994812821176246e-04
4.689992926423154369e-04
4.733388896671804347e-04
4.777186404889352403e-04
4.821389166460879837e-04
4.866000931149502763e-04
4.911025483414469981e-04
4.956466642732198493e-04
5.002328263920286780e-04
5.048614237464519932e-04
5.095328489848906760e-04
5.142474983888762957e-04
5.190057719066885336e-04
5.238080731872827960e-04
5.286548096145323545e-04
5.335463923417869654e-04
5.384832363267515448e-04
5.434657603666873940e-04
5.484943871339391201e-04
5.535695432117902857e-04
5.586916591306512582e-04
5.638611694045809943e-04
5.690785125681476365e-04
5.743441312136297666e-04
5.796584720285617850e-04
5.850219858336271018e-04
5.904351276209014168e-04
5.958983565924503168e-04
6.014121361992837925e-04
6.069769341806711439e-04
6.125932226038201776e-04
6.182614779039223227e-04
6.239821809245698443e-04
6.297558169585461317e-04
6.355828757889928548e-04
6.414638517309599521e-04
6.473992436733378006e-04
6.533895551211788303e-04
6.594352942384106454e-04
6.655369738909435763e-04
6.716951116901778707e-04
6.779102300369129050e-04
6.841828561656635149e-04
6.905135221893850695e-04
6.969027651446135785e-04
7.033511270370231081e-04
7.098591548874044104e-04
7.164274007780691012e-04
7.230564218996838330e-04
7.297467805985367395e-04
7.364990444242423308e-04
7.433137861778869003e-04
7.501915839606198644e-04
7.571330212226949369e-04
7.641386868129645005e-04
7.712091750288321617e-04
7.783450856666678267e-04
7.855470240726887673e-04
7.928156011943118808e-04
8.001514336319810478e-04
8.075551436914734900e-04
8.150273594366912004e-04
8.225687147429399390e-04
8.301798493507011071e-04
8.378614089199023542e-04
8.456140450846885443e-04
8.534384155087015389e-04
8.613351839408696625e-04
8.693050202717145496e-04
8.773486005901786266e-04
8.854666072409781048e-04
8.936597288824873423e-04
9.019286605451577168e-04
9.102741036904787083e-04
9.186967662704828173e-04
9.271973627878020170e-04
9.357766143562797501e-04
9.444352487621438929e-04
9.531740005257452377e-04
9.619936109638675681e-04
9.708948282526145288e-04
9.798784074908782789e-04
9.889451107643943729e-04
9.980957072103914356e-04
1.007330973082837039e-03
1.016651691818288347e-03
1.026058654102351541e-03
1.035552657936756856e-03
1.045134508707053558e-03
1.054805019250931383e-03
1.064565009927175357e-03
1.074415308685255964e-03
1.084356751135566368e-03
1.094390180620307329e-03
1.104516448285029371e-03
1.114736413150835010e-03
1.125050942187251664e-03
1.135460910385776775e-03
1.145967200834104895e-03
1.156570704791039760e-03
1.167272321762102003e-03
1.178072959575833783e-03
1.188973534460811615e-03
1.199974971123370440e-03
1.211078202826047822e-03
1.222284171466753036e-03
1.233593827658669741e-03
1.245008130810896759e-03
1.256528049209835888e-03
1.268154560101333005e-03
1.279888649773578552e-03
1.291731313640774982e-03
1.303683556327578982e-03
1.315746391754324960e-03
1.327920843223036546e-03
1.340207943504234103e-03
1.352608734924546285e-03
1.365124269455131496e-03
1.377755608800917053e-03
1.390503824490664942e-03
1.403369997967871116e-03
1.416355220682504823e-03
1.429460594183597525e-03
1.442687230212688111e-03
1.456036250798133742e-03
1.469508788350291743e-03
1.483105985757583820e-03
1.496828996483447584e-03
1.510678984664186883e-03
1.524657125207726140e-03
1.538764603893278456e-03
1.553002617471937455e-03
1.567372373768198069e-03
1.581875091782417985e-03
1.596512001794225376e-03
1.611284345466887022e-03
1.626193375952637030e-03
1.641240357998985898e-03
1.656426568056007303e-03
1.671753294384623230e-03
1.687221837165886343e-03
1.702833508611276527e-03
1.718589633074017655e-03
1.734491547161422622e-03
1.750540599848279420e-03
1.766738152591286514e-03
1.783085579444545739e-03
1.799584267176125314e-03
1.816235615385699675e-03
1.833041036623280461e-03
1.850001956509043618e-03
1.867119813854265214e-03
1.884396060783379186e-03
1.901832162857160918e-03
1.919429599197052709e-03
1.937189862610639354e-03
1.955114459718283390e-03
1.973204911080935625e-03
1.991462751329122014e-03
2.009889529293130972e-03
2.028486808134401763e-03
2.047256165478126329e-03
2.066199193547085811e-03
2.085317499296714377e-03
2.104612704551423342e-03
2.124086446142180347e-03
2.143740376045363567e-03
2.163576161522900044e-03
2.183595485263701598e-03
2.203800045526409582e-03
2.224191556283457594e-03
2.244771747366472101e-03
2.265542364613013990e-03
2.286505170014680594e-03
2.307661941866576399e-03
2.329014474918168504e-03
2.350564580525535494e-03
2.372314086805027943e-03
2.394264838788348355e-03
2.416418698579068328e-03
2.438777545510590738e-03
2.461343276305576460e-03
2.484117805236845614e-03
2.507103064289765895e-03
2.530301003326145340e-03
2.553713590249642555e-03
2.577342811172703488e-03
2.601190670585046445e-03
2.625259191523704461e-03
2.649550415744642354e-03
2.674066403895959763e-03
2.698809235692698361e-03
2.723781010093266706e-03
2.748983845477496590e-03
2.774419879826346084e-03
2.800091270903268346e-03
2.826000196437255304e-03
2.852148854307577034e-03
2.878539462730231140e-03
2.905174260446114279e-03
2.932055506910938390e-03
2.959185482486901154e-03
2.986566488636130650e-03
3.014200848115924578e-03
3.042090905175787088e-03
3.070239025756296616e-03
3.098647597689810785e-03
3.127319030903026598e-03
3.156255757621419331e-03
3.185460232575569681e-03
3.214934933209400835e-03
3.244682359890340654e-03
3.274705036121433686e-03
3.305005508755410812e-03
3.335586348210739516e-03
3.366450148689677756e-03
3.397599528398340986e-03
3.429037129768807909e-03
3.460765619683279712e-03
3.492787689700315758e-03
3.525106056283158762e-03
3.557723461030177191e-03
3.590642670907437037e-03
3.623866478483425517e-03
3.657397702165948814e-03
3.691239186441217738e-03
3.725393802115152097e-03
3.759864446556910288e-03
3.794654043944677927e-03
3.829765545513728105e-03
3.865201929806777979e-03
3.900966202926661221e-03
3.937061398791338006e-03
3.973490579391266396e-03
4.010256835049153326e-03
4.047363284682108618e-03
4.084813076066227608e-03
4.122609386103619732e-03
4.160755421091906492e-03
4.199254416996217425e-03
4.238109639723697947e-03
4.277324385400559439e-03
4.316901980651694989e-03
4.356845782882878999e-03
4.397159180565577558e-03
4.437845593524398190e-03
4.478908473227195472e-03
4.520351303077863730e-03
4.562177598711835043e-03
4.604390908294318102e-03
4.646994812821287485e-03
4.689992926423266692e-03
4.733388896671917104e-03
4.777186404889465811e-03
4.821389166460994004e-03
4.866000931149618881e-03
4.911025483414587292e-03
4.956466642732316671e-03
5.002328263920405825e-03
5.048614237464639845e-03
5.095328489849028190e-03
5.142474983888885472e-03
5.190057719067009585e-03
5.238080731872952860e-03
5.286548096145449530e-03
5.335463923417996940e-03
5.384832363267643383e-03
5.434657603667003394e-03
5.484943871339521305e-03
5.535695432118034262e-03
5.586916591306645939e-03
5.638611694045943951e-03
5.690785125681612107e-03
5.743441312136434926e-03
5.796584720285757712e-03
5.850219858336411748e-03
5.904351276209155765e-03
5.958983565924646716e-03
6.014121361992982341e-03
6.069769341806858891e-03
6.125932226038350095e-03
6.182614779039372413e-03
6.239821809245849581e-03
6.297558169585613756e-03
6.355828757890083155e-03
6.414638517309755213e-03
6.473992436733534347e-03
6.533895551211946380e-03
6.594352942384265615e-03
6.655369738909597092e-03
6.716951116901940903e-03
6.779102300369294065e-03
6.841828561656801248e-03
6.905135221894016795e-03
6.969027651446304053e-03
7.033511270370400650e-03
7.098591548874214757e-03
7.164274007780863616e-03
7.230564218997012453e-03
7.297467805985543253e-03
7.364990444242600250e-03
7.433137861779046812e-03
7.501915839606378839e-03
7.571330212227131949e-03
7.641386868129829320e-03
7.712091750288507450e-03
7.783450856666865834e-03
7.855470240727076975e-03
7.928156011943309628e-03
8.001514336320000864e-03
8.075551436914928105e-03
8.150273594367108895e-03
8.225687147429596932e-03
8.301798493507211649e-03
8.378614089199223902e-03
8.456140450847087972e-03
8.534384155087219870e-03
8.613351839408903490e-03
8.693050202717355832e-03
8.773486005901998119e-03
8.854666072409995287e-03
8.936597288825088095e-03
9.019286605451794225e-03
9.102741036905006092e-03
9.186967662705049567e-03
9.271973627878243515e-03
9.357766143563024316e-03
9.444352487621668346e-03
9.531740005257683529e-03
9.619936109638909869e-03
9.708948282526380993e-03
9.798784074909021313e-03
9.889451107644183989e-03
9.980957072104158084e-03
1.007330973082861542e-02
1.016651691818313066e-02
1.026058654102376434e-02
1.035552657936781966e-02
1.045134508707078885e-02
1.054805019250957231e-02
1.064565009927201204e-02
1.074415308685282115e-02
1.084356751135592822e-02
1.094390180620334260e-02
1.104516448285056476e-02
1.114736413150862332e-02
1.125050942187279072e-02
1.135460910385804705e-02
1.145967200834133171e-02
1.156570704791068382e-02
1.167272321762130929e-02
1.178072959575862839e-02
1.188973534460840975e-02
1.199974971123400104e-02
1.211078202826077616e-02
1.222284171466783177e-02
1.233593827658699925e-02
1.245008130810927073e-02
1.256528049209866549e-02
1.268154560101363883e-02
1.279888649773609603e-02
1.291731313640806338e-02
1.303683556327610814e-02
1.315746391754357356e-02
1.327920843223069115e-02
1.340207943504267106e-02
1.352608734924579809e-02
1.365124269455165323e-02
1.377755608800951097e-02
1.390503824490699550e-02
1.403369997967906027e-02
1.416355220682539995e-02
1.429460594183632957e-02
1.442687230212724020e-02
1.456036250798169694e-02
1.469508788350328173e-02
1.483105985757620510e-02
1.496828996483484664e-02
1.510678984664224310e-02
1.524657125207763871e-02
1.538764603893316534e-02
1.553002617471976009e-02
1.567372373768237057e-02
1.581875091782456930e-02
1.596512001794265015e-02
1.611284345466926574e-02
1.626193375952677406e-02
1.641240357999026317e-02
1.656426568056048459e-02
1.671753294384664343e-02
1.687221837165927760e-02
1.702833508611318464e-02
1.718589633074060069e-02
1.734491547161465252e-02
1.750540599848322484e-02
1.766738152591329838e-02
1.783085579444589411e-02
1.799584267176169289e-02
1.816235615385744170e-02
1.833041036623325390e-02
1.850001956509088677e-02
1.867119813854310750e-02
1.884396060783425156e-02
1.901832162857207062e-02
1.919429599197099504e-02
1.937189862610686278e-02
1.955114459718331268e-02
1.973204911080983504e-02
1.991462751329170153e-02
2.009889529293179891e-02
2.028486808134450856e-02
2.047256165478176376e-02
2.066199193547135771e-02
2.085317499296764771e-02
2.104612704551474256e-02
2.124086446142231868e-02
2.143740376045415522e-02
2.163576161522952693e-02
2.183595485263755201e-02
2.203800045526463358e-02
2.224191556283511978e-02
2.244771747366526918e-02
2.265542364613069154e-02
2.286505170014736452e-02
2.307661941866633037e-02
2.329014474918225316e-02
2.350564580525592653e-02
2.372314086805085709e-02
2.394264838788406555e-02
2.416418698579127222e-02
2.438777545510650152e-02
2.461343276305636221e-02
2.484117805236905896e-02
2.507103064289826697e-02
2.530301003326206749e-02
2.553713590249704485e-02
2.577342811172765938e-02
2.601190670585109416e-02
2.625259191523768298e-02
2.649550415744706192e-02
2.674066403896023861e-02
2.698809235692763153e-02
2.723781010093332539e-02
2.748983845477562943e-02
2.774419879826412610e-02
2.800091270903335219e-02
2.826000196437322351e-02
2.852148854307644948e-02
2.878539462730299661e-02
2.905174260446183668e-02
2.932055506911008733e-02
2.959185482486971497e-02
2.986566488636201860e-02
3.014200848115996395e-02
3.042090905175859686e-02
3.070239025756369561e-02
3.098647597689884250e-02
3.127319030903100844e-02
3.156255757621494878e-02
3.185460232575645922e-02
3.214934933209477597e-02
3.244682359890418283e-02
3.274705036121512008e-02
3.305005508755488874e-02
3.335586348210818619e-02
3.366450148689757033e-02
3.397599528398420610e-02
3.429037129768888054e-02
3.460765619683361244e-02
3.492787689700397463e-02
3.525106056283241335e-02
3.557723461030261325e-02
3.590642670907522038e-02
3.623866478483511039e-02
3.657397702166034770e-02
3.691239186441304387e-02
3.725393802115239267e-02
3.759864446556998585e-02
3.794654043944766658e-02
3.829765545513817704e-02
3.865201929806869052e-02
3.900966202926752641e-02
3.937061398791431160e-02
3.973490579391360245e-02
4.010256835049247348e-02
4.047363284682203161e-02
4.084813076066323712e-02
4.122609386103716356e-02
4.160755421092004330e-02
4.199254416996316130e-02
4.238109639723797173e-02
4.277324385400660400e-02
4.316901980651797338e-02
4.356845782882982215e-02
4.397159180565682335e-02
4.437845593524503834e-02
4.478908473227301984e-02
4.520351303077971977e-02
4.562177598711944504e-02
4.604390908294427737e-02
4.646994812821397813e-02
4.689992926423378061e-02
4.733388896672029861e-02
4.777186404889579435e-02
4.821389166461108322e-02
4.866000931149733894e-02
4.911025483414702825e-02
4.956466642732433592e-02
5.002328263920523266e-02
5.048614237464758847e-02
5.095328489849147713e-02
5.142474983889006035e-02
5.190057719067131536e-02
5.238080731873076545e-02
5.286548096145574777e-02
5.335463923418123228e-02
5.384832363267771232e-02
5.434657603667131243e-02
5.484943871339650889e-02
5.535695432118165754e-02
5.586916591306777952e-02
5.638611694046078565e-02
5.690785125681747936e-02
5.743441312136572663e-02
5.796584720285895276e-02
5.850219858336550699e-02
5.904351276209296451e-02
5.958983565924787923e-02
6.014121361993125803e-02
6.069769341807002699e-02
6.125932226038494771e-02
6.182614779039519864e-02
6.239821809245998246e-02
6.297558169585762422e-02
6.355828757890233383e-02
6.414638517309906307e-02
6.473992436733687350e-02
6.533895551212101638e-02
6.594352942384423821e-02
6.655369738909756860e-02
6.716951116902102059e-02
6.779102300369456435e-02
6.841828561656963792e-02
6.905135221894181941e-02
6.969027651446470240e-02
7.033511270370568225e-02
7.098591548874383372e-02
7.164274007781033793e-02
7.230564218997183323e-02
7.297467805985716205e-02
7.364990444242774936e-02
7.433137861779222366e-02
7.501915839606555780e-02
7.571330212227310452e-02
7.641386868130009558e-02
7.712091750288689596e-02
7.783450856667048501e-02
7.855470240727260856e-02
7.928156011943494896e-02
8.001514336320189602e-02
8.075551436915118231e-02
8.150273594367299368e-02
8.225687147429790180e-02
8.301798493507404897e-02
8.378614089199420967e-02
8.456140450847286771e-02
8.534384155087419710e-02
8.613351839409105759e-02
8.693050202717558794e-02
8.773486005902203511e-02
8.854666072410202760e-02
8.936597288825297303e-02
9.019286605452006556e-02
9.102741036905219463e-02
9.186967662705264326e-02
9.271973627878460356e-02
9.357766143563242545e-02
9.444352487621890391e-02
9.531740005257906267e-02
9.619936109639133648e-02
9.708948282526609630e-02
9.798784074909248909e-02
9.889451107644414707e-02
9.980957072104389149e-02
1.007330973082884995e-01
1.016651691818336589e-01
1.026058654102400269e-01
1.035552657936806009e-01
1.045134508707103033e-01
1.054805019250981551e-01
1.064565009927225941e-01
1.074415308685307130e-01
1.084356751135618080e-01
1.094390180620359587e-01
1.104516448285081942e-01
1.114736413150888006e-01
1.125050942187305059e-01
1.135460910385830829e-01
1.145967200834159261e-01
1.156570704791094889e-01
1.167272321762157644e-01
1.178072959575890005e-01
1.188973534460868176e-01
1.199974971123427547e-01
1.211078202826105371e-01
1.222284171466811176e-01
1.233593827658728270e-01
1.245008130810955765e-01
1.256528049209895415e-01
1.268154560101393269e-01
1.279888649773639198e-01
1.291731313640836210e-01
1.303683556327640825e-01
1.315746391754387401e-01
1.327920843223099612e-01
1.340207943504297672e-01
1.352608734924610479e-01
1.365124269455196548e-01
1.377755608800982356e-01
1.390503824490731122e-01
1.403369997967937877e-01
1.416355220682571914e-01
1.429460594183665223e-01
1.442687230212756355e-01
1.456036250798202480e-01
1.469508788350361028e-01
1.483105985757653678e-01
1.496828996483518248e-01
1.510678984664258206e-01
1.524657125207797836e-01
1.538764603893350846e-01
1.553002617472010738e-01
1.567372373768272098e-01
1.581875091782492526e-01
1.596512001794300750e-01
1.611284345466962864e-01
1.626193375952713904e-01
1.641240357999063371e-01
1.656426568056085513e-01
1.671753294384701882e-01
1.687221837165965577e-01
1.702833508611356628e-01
1.718589633074098511e-01
1.734491547161504388e-01
1.750540599848361689e-01
1.766738152591369737e-01
1.783085579444629587e-01
1.799584267176209673e-01
1.816235615385784763e-01
1.833041036623366260e-01
1.850001956509129686e-01
1.867119813854352384e-01
1.884396060783466997e-01
1.901832162857249597e-01
1.919429599197142178e-01
1.937189862610729785e-01
1.955114459718375053e-01
1.973204911081027912e-01
1.991462751329214909e-01
2.009889529293224508e-01
2.028486808134495611e-01
2.047256165478221479e-01
2.066199193547181290e-01
2.085317499296810984e-01
2.104612704551520885e-01
2.124086446142278983e-01
2.143740376045463192e-01
2.163576161523000918e-01
2.183595485263803704e-01
2.203800045526512208e-01
2.224191556283561244e-01
2.244771747366576531e-01
2.265542364613119530e-01
2.286505170014787314e-01
2.307661941866684108e-01
2.329014474918277011e-01
2.350564580525645042e-01
2.372314086805138444e-01
2.394264838788460470e-01
2.416418698579181346e-01
2.438777545510704692e-01
2.461343276305691663e-01
2.484117805236961685e-01
2.507103064289882832e-01
2.530301003326264064e-01
2.553713590249762078e-01
2.577342811172824155e-01
2.601190670585167841e-01
2.625259191523827140e-01
2.649550415744765797e-01
2.674066403896084299e-01
2.698809235692823938e-01
2.723781010093394017e-01
2.748983845477624977e-01
2.774419879826475199e-01
2.800091270903398155e-01
2.826000196437385981e-01
2.852148854307708925e-01
2.878539462730364540e-01
2.905174260446249379e-01
2.932055506911074305e-01
2.959185482487037833e-01
2.986566488636269168e-01
3.014200848116064257e-01
3.042090905175927618e-01
3.070239025756438811e-01
3.098647597689953570e-01
3.127319030903170649e-01
3.156255757621565516e-01
3.185460232575717532e-01
3.214934933209549484e-01
3.244682359890490586e-01
3.274705036121585144e-01
3.305005508755562982e-01
3.335586348210893282e-01
3.366450148689832389e-01
3.397599528398497215e-01
3.429037129768965353e-01
3.460765619683439098e-01
3.492787689700476150e-01
3.525106056283320854e-01
3.557723461030341539e-01
3.590642670907602807e-01
3.623866478483592779e-01
3.657397702166117481e-01
3.691239186441387932e-01
3.725393802115323783e-01
3.759864446557083517e-01
3.794654043944853394e-01
3.829765545513905134e-01
3.865201929806956760e-01
3.900966202926841597e-01
3.937061398791520950e-01
3.973490579391451005e-01
4.010256835049338942e-01
4.047363284682296003e-01
4.084813076066416970e-01
4.122609386103810447e-01
4.160755421092099393e-01
4.199254416996411887e-01
4.238109639723893762e-01
4.277324385400757545e-01
4.316901980651894899e-01
4.356845782883080331e-01
4.397159180565781145e-01
4.437845593524603616e-01
4.478908473227403153e-01
4.520351303078072869e-01
4.562177598712046644e-01
4.604390908294531126e-01
4.646994812821502174e-01
4.689992926423482977e-01
4.733388896672136026e-01
4.777186404889686711e-01
4.821389166461216846e-01
4.866000931149843667e-01
4.911025483414813708e-01
4.956466642732545447e-01
5.002328263920636786e-01
5.048614237464873478e-01
5.095328489849263454e-01
5.142474983889123719e-01
5.190057719067249220e-01
5.238080731873195894e-01
5.286548096145694542e-01
5.335463923418244381e-01
5.384832363267894051e-01
5.434657603667255588e-01
5.484943871339775789e-01
5.535695432118291626e-01
5.586916591306905211e-01
5.638611694046207212e-01
5.690785125681877554e-01
5.743441312136702281e-01
5.796584720286026560e-01
5.850219858336682677e-01
5.904351276209429678e-01
5.958983565924922399e-01
6.014121361993260972e-01
6.069769341807138563e-01
6.125932226038632855e-01
6.182614779039659059e-01
6.239821809246137718e-01
6.297558169585903975e-01
6.355828757890376046e-01
6.414638517310051746e-01
6.473992436733833067e-01
6.533895551212248742e-01
6.594352942384571481e-01
6.655369738909905353e-01
6.716951116902252217e-01
6.779102300369607148e-01
6.841828561657117280e-01
6.905135221894337372e-01
6.969027651446626503e-01
7.033511270370725876e-01
7.098591548874543244e-01
7.164274007781195053e-01
7.230564218997346249e-01
7.297467805985879963e-01
7.364990444242941470e-01
7.433137861779390843e-01
7.501915839606725367e-01
7.571330212227482814e-01
7.641386868130182197e-01
7.712091750288864178e-01
7.783450856667225581e-01
7.855470240727440157e-01
7.928156011943676695e-01
8.001514336320372234e-01
8.075551436915302528e-01
8.150273594367486441e-01
8.225687147429978641e-01
8.301798493507595023e-01
8.378614089199613035e-01
8.456140450847480228e-01
8.534384155087615387e-01
8.613351839409302269e-01
8.693050202717756969e-01
8.773486005902404461e-01
8.854666072410404265e-01
8.936597288825501861e-01
9.019286605452212502e-01
9.102741036905427352e-01
9.186967662705474158e-01
9.271973627878671298e-01
9.357766143563456263e-01
9.444352487622104109e-01
9.531740005258122483e-01
9.619936109639352084e-01
9.708948282526829177e-01
9.798784074909471231e-01
9.889451107644638972e-01
9.980957072104617023e-01
1.007330973082907866e+00
1.016651691818359682e+00
1.026058654102423695e+00
1.035552657936829490e+00
1.045134508707126875e+00
1.054805019251005671e+00
1.064565009927250117e+00
1.074415308685331416e+00
1.084356751135642671e+00
1.094390180620384401e+00
1.104516448285107089e+00
1.114736413150913208e+00
1.125050942187330705e+00
1.135460910385856614e+00
1.145967200834185462e+00
1.156570704791121118e+00
1.167272321762184095e+00
1.178072959575916512e+00
1.188973534460894932e+00
1.199974971123454637e+00
1.211078202826132655e+00
1.222284171466838876e+00
1.233593827658756137e+00
1.245008130810983937e+00
1.256528049209923781e+00
1.268154560101421913e+00
1.279888649773668341e+00
1.291731313640865686e+00
1.303683556327670745e+00
1.315746391754417433e+00
1.327920843223129976e+00
1.340207943504328369e+00
1.352608734924641620e+00
1.365124269455227690e+00
1.377755608801014109e+00
1.390503824490763041e+00
1.403369997967970129e+00
1.416355220682604665e+00
1.429460594183698197e+00
1.442687230212789773e+00
1.456036250798236287e+00
1.469508788350395223e+00
1.483105985757688261e+00
1.496828996483552832e+00
1.510678984664293178e+00
1.524657125207833364e+00
1.538764603893386873e+00
1.553002617472047042e+00
1.567372373768308513e+00
1.581875091782529497e+00
1.596512001794338165e+00
1.611284345467000723e+00
1.626193375952751818e+00
1.641240357999101507e+00
1.656426568056124315e+00
1.671753294384741073e+00
1.687221837166004823e+00
1.702833508611396374e+00
1.718589633074138812e+00
1.734491547161544966e+00
1.750540599848402934e+00
1.766738152591410982e+00
1.783085579444671387e+00
1.799584267176252084e+00
1.816235615385827673e+00
1.833041036623409559e+00
1.850001956509173651e+00
1.867119813854396515e+00
1.884396060783511517e+00
1.901832162857294506e+00
1.919429599197187475e+00
1.937189862610775304e+00
1.955114459718420905e+00
1.973204911081073876e+00
1.991462751329261538e+00
2.009889529293272137e+00
2.028486808134543740e+00
2.047256165478270162e+00
2.066199193547230362e+00
2.085317499296860166e+00
2.104612704551570790e+00
2.124086446142329443e+00
2.143740376045514040e+00
2.163576161523051766e+00
2.183595485263854830e+00
2.203800045526564055e+00
2.224191556283613647e+00
2.244771747366629100e+00
2.265542364613172488e+00
2.286505170014840882e+00
2.307661941866738342e+00
2.329014474918332134e+00
2.350564580525700276e+00
2.372314086805194400e+00
2.394264838788516592e+00
2.416418698579238189e+00
2.438777545510761868e+00
2.461343276305749228e+00
2.484117805237019638e+00
2.507103064289941674e+00
2.530301003326323350e+00
2.553713590249822030e+00
2.577342811172884662e+00
2.601190670585229014e+00
2.625259191523888536e+00
2.649550415744827969e+00
2.674066403896147026e+00
2.698809235692887221e+00
2.723781010093457411e+00
2.748983845477689147e+00
2.774419879826540036e+00
2.800091270903463769e+00
2.826000196437452594e+00
2.852148854307776205e+00
2.878539462730432597e+00
2.905174260446317547e+00
2.932055506911143805e+00
2.959185482487107777e+00
2.986566488636339667e+00
3.014200848116134868e+00
3.042090905175999449e+00
3.070239025756511531e+00
3.098647597690027400e+00
3.127319030903245256e+00
3.156255757621640345e+00
3.185460232575792805e+00
3.214934933209625534e+00
3.244682359890567636e+00
3.274705036121662971e+00
3.305005508755641586e+00
3.335586348210972218e+00
3.366450148689912769e+00
3.397599528398578261e+00
3.429037129769047176e+00
3.460765619683521699e+00
3.492787689700559639e+00
3.525106056283404676e+00
3.557723461030425582e+00
3.590642670907687517e+00
3.623866478483678488e+00
3.657397702166203857e+00
3.691239186441475528e+00
3.725393802115411823e+00
3.759864446557172002e+00
3.794654043944941879e+00
3.829765545513994951e+00
3.865201929807047687e+00
3.900966202926933413e+00
3.937061398791612543e+00
3.973490579391543598e+00
4.010256835049433199e+00
4.047363284682390372e+00
4.084813076066512672e+00
4.122609386103907703e+00
4.160755421092196649e+00
4.199254416996510031e+00
4.238109639723993460e+00
4.277324385400858020e+00
4.316901980651996595e+00
4.356845782883183915e+00
4.397159180565885173e+00
4.437845593524708754e+00
4.478908473227509290e+00
4.520351303078180116e+00
4.562177598712155557e+00
4.604390908294640816e+00
4.646994812821612975e+00
4.689992926423594888e+00
4.733388896672249047e+00
4.777186404889801175e+00
4.821389166461331754e+00
4.866000931149959463e+00
4.911025483414930726e+00
4.956466642732664241e+00
5.002328263920756690e+00
5.048614237464994048e+00
5.095328489849385356e+00
5.142474983889246509e+00
5.190057719067374009e+00
5.238080731873321128e+00
5.286548096145821773e+00
5.335463923418372723e+00
5.384832363268023059e+00
5.434657603667385928e+00
5.484943871339907240e+00
5.535695432118424186e+00
5.586916591307039326e+00
5.638611694046342215e+00
5.690785125682014112e+00
5.743441312136839727e+00
5.796584720286165116e+00
5.850219858336823897e+00
5.904351276209571786e+00
5.958983565925065840e+00
6.014121361993404413e+00
6.069769341807284668e+00
6.125932226038780293e+00
6.182614779039807829e+00
6.239821809246289597e+00
6.297558169586055854e+00
6.355828757890529701e+00
6.414638517310205401e+00
6.473992436733990274e+00
6.533895551212406616e+00
6.594352942384730909e+00
6.655369738910065891e+00
6.716951116902414753e+00
6.779102300369771683e+00
6.841828561657283814e+00
6.905135221894505015e+00
6.969027651446796590e+00
