1.015718147790444312e-10 -2.022651018895871289e-08
1.031683421231330625e-10 -2.054443443144648995e-08
1.047899588266950018e-10 -2.086735439998932407e-08
1.064370643558314324e-10 -2.119535025268959316e-08
1.081100599151601279e-10 -2.152850220316082641e-08
1.098093494919369884e-10 -2.186688963234928451e-08
1.115353530555917032e-10 -2.221059686169368774e-08
1.132884857871427202e-10 -2.255970632525361452e-08
1.150691730005416908e-10 -2.291430284406814621e-08
1.168778511013028400e-10 -2.327447334860011097e-08
1.187149536739177768e-10 -2.364030415868967339e-08
1.205809382453695552e-10 -2.401188647915830643e-08
1.224762516012674162e-10 -2.438930890580337518e-08
1.244013512971449017e-10 -2.477266319855786492e-08
1.263567131363411814e-10 -2.516204344882311261e-08
1.283428100877191949e-10 -2.555754397004506018e-08
1.303601214158898828e-10 -2.595926024140382538e-08
1.324091480836520362e-10 -2.636729234950507816e-08
1.344903746371818675e-10 -2.678173671721850724e-08
1.366043165057984901e-10 -2.720269576261813427e-08
1.387514883449861356e-10 -2.763027173724452723e-08
1.409324058111640537e-10 -2.806456778081667380e-08
1.431476087984309748e-10 -2.850569114087875278e-08
1.453976264350423271e-10 -2.895374745515155723e-08
1.476830081357204657e-10 -2.940884591406955906e-08
1.500043181897260974e-10 -2.987109837260248923e-08
1.523621084846291781e-10 -3.034061601958626397e-08
1.547569623088894369e-10 -3.081751387412623444e-08
1.571894620091593597e-10 -3.130190828759538135e-08
1.596601888530666092e-10 -3.179391522278862681e-08
1.621697581926619677e-10 -3.229365669321637711e-08
1.647187681253454318e-10 -3.280125276949874547e-08
1.673078436278465678e-10 -3.331682624230225542e-08
1.699376198197117262e-10 -3.384050539789740242e-08
1.726087260000082333e-10 -3.437241419268488585e-08
1.753218200635973281e-10 -3.491268446564887995e-08
1.780775582257139043e-10 -3.546144666799477818e-08
1.808766117367962559e-10 -3.601883397097438433e-08
1.837196628112252924e-10 -3.658498304304202975e-08
1.866073972801980805e-10 -3.716003005305168472e-08
1.895405238673688437e-10 -3.774411633239438402e-08
1.925197594053837386e-10 -3.833738376757267474e-08
1.955458130649559014e-10 -3.893997468917831384e-08
1.986194390954084860e-10 -3.955203881078617201e-08
2.017413723901611487e-10 -4.017372257081319731e-08
2.049123736307395244e-10 -4.080517729265764615e-08
2.081332293256133464e-10 -4.144655951776599068e-08
2.114046973150925134e-10 -4.209802045851418484e-08
2.147275925612352963e-10 -4.275972237399727760e-08
2.181027202285147914e-10 -4.343182546939772237e-08
2.215308924399171203e-10 -4.411449139318790458e-08
2.250129559864702015e-10 -4.480788867722296231e-08
2.285497449094056315e-10 -4.551218368842313566e-08
2.321421285601038965e-10 -4.622754956606911492e-08
2.357909848994532117e-10 -4.695416078170921992e-08
2.394971811360185246e-10 -4.769219041911298973e-08
2.432616411931379416e-10 -4.844182233121330228e-08
2.470852713460630425e-10 -4.920323687374050792e-08
2.509689944470243145e-10 -4.997661767758287965e-08
2.549137749257366195e-10 -5.076215725541288748e-08
2.589205491908785919e-10 -5.156004156958715612e-08
2.629903056442224293e-10 -5.237046790673716146e-08
2.671240369274527721e-10 -5.319363355349437938e-08
2.713227324739442990e-10 -5.402973557444568087e-08
2.755874339471852225e-10 -5.487898191436357820e-08
2.799191623405212767e-10 -5.574157507792776300e-08
2.843189794887166255e-10 -5.661772700671363623e-08
2.887879582617280780e-10 -5.750765136314228698e-08
2.933271727891879542e-10 -5.841156186514595561e-08
2.979377402286565236e-10 -5.932968072386302083e-08
3.026207818794836460e-10 -6.026223164923294462e-08
3.073774211155647895e-10 -6.120943829568403771e-08
3.122088380901238238e-10 -6.217153541987485710e-08
3.171161868438972555e-10 -6.314875317103840757e-08
3.221006712575884218e-10 -6.414133091325879832e-08
3.271635144799969187e-10 -6.514951245151223702e-08
3.323059195906194075e-10 -6.617353726090513533e-08
3.375291630286471110e-10 -6.721365930495437624e-08
3.428345044502651771e-10 -6.827013032673079351e-08
3.482232335855944101e-10 -6.934320556650774847e-08
3.536966716530498151e-10 -7.043314947940970683e-08
3.592561340578682759e-10 -7.154022363398127027e-08
3.649029806208978358e-10 -7.266469836952893502e-08
3.706385981364607652e-10 -7.380685046465274013e-08
3.764643502342979798e-10 -7.496695109132645030e-08
3.823816876664685961e-10 -7.614528918509222422e-08
3.883920299517576228e-10 -7.734214724219867776e-08
3.944968383692279686e-10 -7.855781658516747257e-08
4.006976143339263532e-10 -7.979259591950338404e-08
4.069958429875258073e-10 -8.104678106413132355e-08
4.133930760320923834e-10 -8.232068104963019550e-08
4.198908663709102224e-10 -8.361460507311235801e-08
4.264907738804798329e-10 -8.492886377498010120e-08
4.331944343185212941e-10 -8.626378267262424515e-08
4.400034603572432667e-10 -8.761968317561041886e-08
4.469195071461114250e-10 -8.899689490915463352e-08
4.539442774002017083e-10 -9.039575632474594613e-08
4.610794411641999070e-10 -9.181660087786980284e-08
4.683267705185429401e-10 -9.325978050922500984e-08
4.756880164662801920e-10 -9.472564477253087034e-08
4.831649580043450711e-10 -9.621454721830957624e-08
4.907594371468503289e-10 -9.772685510833767353e-08
4.984732760697309019e-10 -9.926293081941039986e-08
5.063083634537673468e-10 -1.008231508281554056e-07
5.142666201048266980e-10 -1.024078974398712205e-07
5.223499399819727380e-10 -1.040175475752747047e-07
5.305603309603491409e-10 -1.056525016918108406e-07
5.388997741882625402e-10 -1.073131537521199164e-07
5.473702875145123995e-10 -1.089999053238699389e-07
5.559739585347875341e-10 -1.107131729072285964e-07
5.647128478089376122e-10 -1.124533662300031267e-07
5.735891031579586546e-10 -1.142209132276583716e-07
5.826048876076231678e-10 -1.160162440005940709e-07
5.917623642110082699e-10 -1.178397899814775940e-07
6.010637939291280918e-10 -1.196920011437008213e-07
6.105114200103165054e-10 -1.215733242410088621e-07
6.201075404592055364e-10 -1.234842167963101645e-07
6.298545127829655035e-10 -1.254251483229218422e-07
6.397546686657284188e-10 -1.273965824499789790e-07
6.498104458370006629e-10 -1.293990053441440580e-07
6.600242921899813970e-10 -1.314329042823025873e-07
6.703986576905169078e-10 -1.334987669299181334e-07
6.809361099799511774e-10 -1.355971048777604437e-07
6.916391838547539568e-10 -1.377284222781050005e-07
7.025104859393141225e-10 -1.398932387153273282e-07
7.135526870572383531e-10 -1.420920858752339200e-07
7.247684187286256353e-10 -1.443254875610477939e-07
7.361604604521779212e-10 -1.465939973854801792e-07
7.477315682670926257e-10 -1.488981639652386946e-07
7.594845365575206944e-10 -1.512385436885921308e-07
7.714222630532681353e-10 -1.536157136494686881e-07
7.835476065517918939e-10 -1.560302434477911504e-07
7.958635467978136300e-10 -1.584827258871435163e-07
8.083730890746918653e-10 -1.609737594887583612e-07
8.210792249262522812e-10 -1.635039399983106989e-07
8.339851021364411773e-10 -1.660738937481198718e-07
8.470938314457691448e-10 -1.686842412418343429e-07
8.604085949745582780e-10 -1.713356151400446947e-07
8.739326684553401951e-10 -1.740286678098001971e-07
8.876692891568113100e-10 -1.767640439576112499e-07
9.016218344264274217e-10 -1.795424162120973222e-07
9.157937040153748230e-10 -1.823644613652142255e-07
9.301882976499988493e-10 -1.852308564864735274e-07
9.448091744817493362e-10 -1.881423100646983926e-07
9.596598574457824561e-10 -1.910995233722623254e-07
9.747439564509321035e-10 -1.941032157226629806e-07
9.900651790165475042e-10 -1.971541251366559777e-07
1.005627183743563048e-09 -2.002529799205454708e-07
1.021433820177523418e-09 -2.034005465167965099e-07
1.037488913851804992e-09 -2.065975867604485927e-07
1.053796339643699657e-09 -2.098448723120149850e-07
1.070360113751493090e-09 -2.131432026986068706e-07
1.087184227168028252e-09 -2.164933724513318225e-07
1.104272779411970465e-09 -2.198961980837133012e-07
1.121629969273324162e-09 -2.233525155936888495e-07
1.139259928613020515e-09 -2.268631476010085635e-07
1.157167032744001335e-09 -2.304289649091018077e-07
1.175355605932723614e-09 -2.340508293841025989e-07
1.193830046612290298e-09 -2.377296158262431902e-07
1.212594907774324772e-09 -2.414662312877347006e-07
1.231654685432201525e-09 -2.452615710524241877e-07
1.251014059915730041e-09 -2.491165668194739169e-07
1.270677757546663315e-09 -2.530321593363638044e-07
1.290650479341557979e-09 -2.570092850762151215e-07
1.310937175465953479e-09 -2.610489294729845255e-07
1.331542734883045572e-09 -2.651520660257311590e-07
1.352472157971926732e-09 -2.693196900493965984e-07
1.373730593912808639e-09 -2.735528272790332949e-07
1.395323127803929753e-09 -2.778524897384393455e-07
1.417255080036269314e-09 -2.822197368024248476e-07
1.439531783221361796e-09 -2.866556301772682502e-07
1.462158587964203843e-09 -2.911612353995174374e-07
1.485141089658137625e-09 -2.957376665224664691e-07
1.508484815697678447e-09 -3.003860234995769929e-07
1.532195453746429352e-09 -3.051074392579344874e-07
1.556278826228678949e-09 -3.099030730924212662e-07
1.580740681437014755e-09 -3.147740695319534154e-07
1.605587071615057957e-09 -3.197216332795349558e-07
1.630824013078036704e-09 -3.247469620992760042e-07
1.656457591585306640e-09 -3.298512675220521828e-07
1.682494133106846376e-09 -3.350358098175298949e-07
1.708939886687108374e-09 -3.403018327130524767e-07
1.735801324559517381e-09 -3.456506247889734595e-07
1.763085027890959044e-09 -3.510834957198838424e-07
1.790797495303624054e-09 -3.566017403588972456e-07
1.818945607059083096e-09 -3.622067278885587882e-07
1.847536160957560477e-09 -3.678998119482912443e-07
1.876576067973488785e-09 -3.736823685485113344e-07
1.906072488854877571e-09 -3.795558229380269211e-07
1.936032486614531847e-09 -3.855215818249213555e-07
1.966463420081111454e-09 -3.915811097598975721e-07
1.997372715549758191e-09 -3.977358857265578251e-07
2.028767770357377188e-09 -4.039873819361439189e-07
2.060656360615275669e-09 -4.103371470942640542e-07
2.093046168288009126e-09 -4.167867100335342911e-07
2.125945060466658908e-09 -4.233376374451758295e-07
2.159361130368263440e-09 -4.299915402627974004e-07
2.193302363633871053e-09 -4.367500083812814182e-07
2.227777130952840689e-09 -4.436147083564101479e-07
2.262793808926261264e-09 -4.505873079652111812e-07
2.298360814810969298e-09 -4.576694825897398289e-07
2.334486939593390568e-09 -4.648629827741501686e-07
2.371180867582534078e-09 -4.721695370246692391e-07
2.408451552992449911e-09 -4.795909281374299837e-07
2.446308138147599318e-09 -4.871289761010366703e-07
2.484759652809906796e-09 -4.947854785330996208e-07
2.523815620979141970e-09 -5.025623313059668362e-07
2.563485497377807699e-09 -5.104614168027765686e-07
2.603778849730207106e-09 -5.184846402217502259e-07
2.644705618066139399e-09 -5.266339794252061779e-07
2.686275623260269397e-09 -5.349113900710023017e-07
2.728499048866427082e-09 -5.433188992043369581e-07
2.771386224731005329e-09 -5.518585637909190211e-07
2.814947385157148928e-09 -5.605324203128425609e-07
2.859193336847755635e-09 -5.693426203268181496e-07
2.904134750434677047e-09 -5.782912883001145588e-07
2.949782514746240693e-09 -5.873805917211427641e-07
2.996147873434891132e-09 -5.966127691880984685e-07
3.043241915466761764e-09 -6.059900273247542657e-07
3.091076233361123513e-09 -6.155146742292672002e-07
3.139662483521231950e-09 -6.251890306008256459e-07
3.189012305321064533e-09 -6.350154128642593321e-07
3.239137916782313618e-09 -6.449962534071929099e-07
3.290051381166179672e-09 -6.551339532534505850e-07
3.341765087020037151e-09 -6.654309791520596207e-07
3.394291747987867454e-09 -6.758898611347596841e-07
3.447643897196742290e-09 -6.865130944277986202e-07
3.501834724034471724e-09 -6.973033043755627602e-07
3.556877372686342135e-09 -7.082631070520761796e-07
3.612785090798856022e-09 -7.193951396811115728e-07
3.669571690386612696e-09 -7.307021517855005754e-07
3.727250811081301681e-09 -7.421868582491164545e-07
3.785836543264533760e-09 -7.538520634398082620e-07
3.845343260855896937e-09 -7.657006282912881545e-07
3.905785131237541638e-09 -7.777353737692394020e-07
3.967177163536328753e-09 -7.899592861515536413e-07
4.029534177568370499e-09 -8.023753162444968723e-07
4.092871252298055122e-09 -8.149864646478377495e-07
4.157204001421012860e-09 -8.277958396529783158e-07
4.222547837577951429e-09 -8.408065086951133082e-07
4.288918800068680953e-09 -8.540216639985054314e-07
4.356333100736600764e-09 -8.674445327039315146e-07
4.424806858011596998e-09 -8.810783227453100608e-07
4.494357037367179469e-09 -8.949264106439258626e-07
4.565000399964128462e-09 -9.089921327309902210e-07
4.636754095468286675e-09 -9.232789021096365900e-07
4.709635780104952368e-09 -9.377902329688048155e-07
4.783662873704977291e-09 -9.525295919798892896e-07
4.858853623965898446e-09 -9.675006114595596785e-07
4.935226318947073394e-09 -9.827069306078684008e-07
5.012799298371978359e-09 -9.981521997270981217e-07
5.091591740802113823e-09 -1.013840235986052107e-06
5.171622600091680124e-09 -1.029774810312744648e-06
5.252911380592124994e-09 -1.045959805878737825e-06
5.335478043751023183e-09 -1.062399194451391082e-06
5.419342285952704203e-09 -1.079096895728604011e-06
5.504524864290419647e-09 -1.096057041127806997e-06
5.591046409285054536e-09 -1.113283736253745104e-06
5.678927781262871932e-09 -1.130781131841729348e-06
5.768190673880452318e-09 -1.148553545327057890e-06
5.858856503085005138e-09 -1.166605238522855359e-06
5.950947467322684478e-09 -1.184940629173070192e-06
6.044486116507766873e-09 -1.203564204355078715e-06
6.139494750497671692e-09 -1.222480401408265749e-06
6.235996950378327838e-09 -1.241693913467400989e-06
6.334015994470932031e-09 -1.261209372271920870e-06
6.433575628130344961e-09 -1.281031502986529347e-06
6.534700366158547158e-09 -1.301165183487107413e-06
6.637414419844274542e-09 -1.321615231530959278e-06
6.741743047547441813e-09 -1.342386673208739722e-06
6.847711682150891030e-09 -1.363484569028017290e-06
6.955345707265587491e-09 -1.384913969892931362e-06
7.064671770075430592e-09 -1.406680177562513734e-06
7.175716196102119543e-09 -1.428788430180016888e-06
7.288505990635091712e-09 -1.451244101335902315e-06
7.403068879962116091e-09 -1.474052707339801316e-06
7.519432222986578119e-09 -1.497219691559692478e-06
7.637624757803794575e-09 -1.520750771866197226e-06
7.757675174296459053e-09 -1.544651655971396309e-06
7.879612359427360661e-09 -1.568928091888466270e-06
8.003466434856997649e-09 -1.593586071824137917e-06
8.129267158692794231e-09 -1.618631516098201217e-06
8.257045256372974435e-09 -1.644070537709652058e-06
8.386832074059667613e-09 -1.669909372614686305e-06
8.518658537004442895e-09 -1.696154173225217221e-06
8.652557343108108291e-09 -1.722811444559990690e-06
8.788560852952157932e-09 -1.749887623692103489e-06
8.926701928501494400e-09 -1.777389248558414181e-06
9.067014632283591157e-09 -1.805323094739019751e-06
9.209532597155171338e-09 -1.833695852770933499e-06
9.354290784932660930e-09 -1.862514477257715129e-06
9.501324570072644566e-09 -1.891786005236983925e-06
9.650669088978768202e-09 -1.921517425562679904e-06
9.802361364486042732e-09 -1.951716102066569647e-06
9.956437951360152693e-09 -1.982389306598442147e-06
1.011293625180249735e-08 -2.013544477930118148e-06
1.027189477184174341e-08 -2.045189275434733389e-06
1.043335151312661457e-08 -2.077331257177572610e-06
1.059734627370668788e-08 -2.109978339326357144e-06
1.076391894346627349e-08 -2.143138454813175997e-06
1.093310951624975587e-08 -2.176819558219467154e-06
1.110495983762728431e-08 -2.211029971777023206e-06
1.127951122769831862e-08 -2.245777913356672428e-06
1.145680624874654334e-08 -2.281071847187732260e-06
1.163688842713698455e-08 -2.316920429679125704e-06
1.181980072338314882e-08 -2.353332203941516099e-06
1.200558841450174297e-08 -2.390316173883633155e-06
1.219429649242067152e-08 -2.427881286404254269e-06
1.238597047374003118e-08 -2.466036592541076544e-06
1.258065765901645845e-08 -2.504791498658676119e-06
1.277840475217826383e-08 -2.544155290218341747e-06
1.297926018944404729e-08 -2.584137599292990473e-06
1.318327313861232681e-08 -2.624748201784932178e-06
1.339049226306213317e-08 -2.665996773454359925e-06
1.360096897645681903e-08 -2.707893536568750648e-06
1.381475405437131881e-08 -2.750448586386067262e-06
1.403189929356755786e-08 -2.793672220946508133e-06
1.425245817135010448e-08 -2.837575072023312828e-06
1.447648346863898761e-08 -2.882167632278775926e-06
1.470403030977162544e-08 -2.927460861223973865e-06
1.493515413974671554e-08 -2.973465780764517064e-06
1.516991035402642726e-08 -3.020193402369919511e-06
1.540835706876692838e-08 -3.067655279520575817e-06
1.565055166284411231e-08 -3.115862817149039898e-06
1.589655309677413606e-08 -3.164827734991604302e-06
1.614642181810000212e-08 -3.214562048436953035e-06
1.640021747954340271e-08 -3.265077614111877580e-06
1.665800281594032320e-08 -3.316386900820145200e-06
1.691984034976892200e-08 -3.368502334399892106e-06
1.718579313617705285e-08 -3.421436446993109115e-06
1.745592686780880976e-08 -3.475202294433987760e-06
1.773030638917570212e-08 -3.529812762859130260e-06
1.800899881348616637e-08 -3.585281189710798344e-06
1.829207245733078896e-08 -3.641621150463070222e-06
1.857959475784078279e-08 -3.698846045396830817e-06
1.887163709672365370e-08 -3.756970058998998496e-06
1.916826997435088285e-08 -3.816007199397564165e-06
1.946956516797909602e-08 -3.875971727518301435e-06
1.977559693361029059e-08 -3.936878397448051459e-06
2.008643854979136387e-08 -3.998741767818891901e-06
2.040216641501237827e-08 -4.061577016545303564e-06
2.072285755349388494e-08 -4.125399445997768311e-06
2.104858874128230301e-08 -4.190224307309975416e-06
2.137944066048486969e-08 -4.256067628494175636e-06
2.171549297894171327e-08 -4.322945234225272770e-06
2.205682741898824676e-08 -4.390873357462687920e-06
2.240352789708765591e-08 -4.459868666151223238e-06
2.275567723010915104e-08 -4.529947608689077754e-06
2.311336238456980556e-08 -4.601127457815046284e-06
2.347667019541926548e-08 -4.673425459122970693e-06
2.384568807518506677e-08 -4.746858970783307541e-06
2.422050721953275914e-08 -4.821446103697724084e-06
2.460121764806791830e-08 -4.897204733178561753e-06
2.498791240604594947e-08 -4.974153334835751394e-06
2.538068633713322133e-08 -5.052310740882859363e-06
2.577963301842453696e-08 -5.131695529458912830e-06
2.618485145989107737e-08 -5.212327359338519983e-06
2.659643954438111997e-08 -5.294225662755280837e-06
2.701449680940638602e-08 -5.377410198625920401e-06
2.743912631855486282e-08 -5.461901427639137552e-06
2.787042978511712698e-08 -5.547719539034101643e-06
2.830851315822508868e-08 -5.634885562377789370e-06
2.875348337164753882e-08 -5.723420722858474363e-06
2.920544690669533651e-08 -5.813346152239162734e-06
2.966451574660581153e-08 -5.904684076241117907e-06
3.013080045828484947e-08 -5.997456435480330583e-06
3.060441439549729894e-08 -6.091685723741413483e-06
3.108547402753993523e-08 -6.187395052537070228e-06
3.157409428105772674e-08 -6.284607223405735965e-06
3.207039580324966746e-08 -6.383346174421156149e-06
3.257449910843758272e-08 -6.483635814902299899e-06
3.308652547587684878e-08 -6.585500203271088537e-06
3.360660145722841104e-08 -6.688964444778733309e-06
3.413485196836026223e-08 -6.794053316216963623e-06
3.467140610999728369e-08 -6.900792424269219794e-06
3.521639550173459890e-08 -7.009207874719702858e-06
3.576994997194782319e-08 -7.119325412197063940e-06
3.633220693208929277e-08 -7.231172289345888515e-06
3.690330217978099601e-08 -7.344775432183148212e-06
3.748337386323616673e-08 -7.460162233352551908e-06
3.807256498537773955e-08 -7.577361046229302843e-06
3.867101666041014295e-08 -7.696399845991130917e-06
3.927887595567261260e-08 -7.817307788426930415e-06
3.989629119461415644e-08 -7.940114274684884066e-06
4.052341019991295416e-08 -8.064848604216745542e-06
4.116038833378178722e-08 -8.191541570501392755e-06
4.180737897132167806e-08 -8.320223569169282740e-06
4.246453950185842390e-08 -8.450925789382779385e-06
4.313203149699130636e-08 -8.583680248086533737e-06
4.381001436574386788e-08 -8.718518527794927309e-06
4.449865565184455375e-08 -8.855473824453952147e-06
4.519812244687707121e-08 -8.994579239918198965e-06
4.590858319348984754e-08 -9.135868138498981494e-06
4.663021342766786785e-08 -9.279375291992852937e-06
4.736318638274444186e-08 -9.425135007956608746e-06
4.810768141132270373e-08 -9.573182806366098418e-06
4.886388097786547907e-08 -9.723554819596191834e-06
4.963196534651101045e-08 -9.876286738430550827e-06
5.041212521076142314e-08 -1.003141632022197527e-05
5.120454882164935086e-08 -1.018898083177122160e-05
5.200942816618760302e-08 -1.034901827606793390e-05
5.282696154615166195e-08 -1.051156790554674814e-05
5.365734460896957861e-08 -1.067666843818093625e-05
5.450078176799463448e-08 -1.084436032822155838e-05
5.535747849552520367e-08 -1.101468423397866658e-05
5.622764029540379586e-08 -1.118768081198595610e-05
5.711148258193474532e-08 -1.136339268231756350e-05
5.800921794917185258e-08 -1.154186189672445906e-05
5.892106526160162544e-08 -1.172313174513384126e-05
5.984724850915403854e-08 -1.190724652916363979e-05
6.078798862688418496e-08 -1.209424993398044990e-05
6.174351864173231633e-08 -1.228418803955744210e-05
6.271406987219911712e-08 -1.247710657881206942e-05
6.369987664961818918e-08 -1.267305187291345447e-05
6.470118227065083944e-08 -1.287207201616791252e-05
6.571822680032240795e-08 -1.307421445084777645e-05
6.675125979101212023e-08 -1.327952849405900082e-05
6.780053374090949902e-08 -1.348806403900226769e-05
6.886629954905456705e-08 -1.369987065019673267e-05
6.994882147620476752e-08 -1.391500053576910645e-05
7.104836033774313569e-08 -1.413350520790279674e-05
7.216518339502495884e-08 -1.435543744870981797e-05
7.329956542232398181e-08 -1.458085152089561021e-05
7.445177743713945899e-08 -1.480980092705141971e-05
7.562210406717658876e-08 -1.504234186261443895e-05
7.681082944807325625e-08 -1.527853041138893531e-05
7.801823981623715628e-08 -1.551842306052320097e-05
7.924463359085528163e-08 -1.576207870396251209e-05
8.049030519629028632e-08 -1.600955542646609331e-05
8.175555954562867013e-08 -1.626091338252644292e-05
8.304070667618867936e-08 -1.651621372877887239e-05
8.434605317342823576e-08 -1.677551691919854093e-05
8.567192310592692256e-08 -1.703888686566124022e-05
8.701863629001298664e-08 -1.730638661662231570e-05
8.838651939670168508e-08 -1.757808056568332944e-05
8.977590935522352586e-08 -1.785403512505334689e-05
9.118713845112077993e-08 -1.813431576608293128e-05
9.262055469172071087e-08 -1.841899106286293275e-05
9.407650673550182677e-08 -1.870812969972934781e-05
9.555534459795148888e-08 -1.900180060870892973e-05
9.705743412451717136e-08 -1.930007584505233353e-05
9.858313622391978407e-08 -1.960302646064615573e-05
1.001328238550881186e-07 -1.991072587892439572e-05
1.017068773066870614e-07 -2.022324895434302050e-05
1.033056716299704807e-07 -2.054066947709820568e-05
1.049296040385085332e-07 -2.086306561405182336e-05
1.065790664862266031e-07 -2.119051446020092655e-05
1.082544587201280672e-07 -2.152309463288037961e-05
1.099561936623585433e-07 -2.186088733624469427e-05
1.116846784975863355e-07 -2.220397260827011721e-05
1.134403392002251430e-07 -2.255243418680663581e-05
1.152236031353463383e-07 -2.290635605695090504e-05
1.170348988160476244e-07 -2.326582239903229876e-05
1.188746745163627785e-07 -2.363092128426780292e-05
1.207433723787876919e-07 -2.400173953426287810e-05
1.226414491562369281e-07 -2.437836683483185496e-05
1.245693707369283528e-07 -2.476089465114350574e-05
1.265275965568313036e-07 -2.514941313069840589e-05
1.285166131931141526e-07 -2.554401776916348510e-05
1.305369006834766100e-07 -2.594480272621879635e-05
1.325889488794122576e-07 -2.635186406874101550e-05
1.346732635313173034e-07 -2.676530097722729096e-05
1.367903432424233403e-07 -2.718521117106575957e-05
1.389407101770502744e-07 -2.761169700032928276e-05
1.411248874304906006e-07 -2.804486095447922267e-05
1.433434004292993631e-07 -2.848480593919955339e-05
1.455967980692604400e-07 -2.893163946610100012e-05
1.478856215959142870e-07 -2.938546748093573413e-05
1.502104312670659097e-07 -2.984639964781488075e-05
1.525717969763848301e-07 -3.031454748941841970e-05
1.549702824460493313e-07 -3.079002125111474086e-05
1.574064833154130783e-07 -3.127293744881187720e-05
1.598809870141461450e-07 -3.176341091376544412e-05
1.623943948188871985e-07 -3.226155916297157589e-05
1.649473257224326428e-07 -3.276750316322241119e-05
1.675403897319317163e-07 -3.328136203678555560e-05
1.701742280533124975e-07 -3.380326102436770341e-05
1.728494798429222752e-07 -3.433332489199969473e-05
1.755667905478851622e-07 -3.487167958415859914e-05
1.783268317443318452e-07 -3.541845614957184196e-05
1.811302653540479827e-07 -3.597378365083336860e-05
1.839777799146234240e-07 -3.653779634665843545e-05
1.868700712483292793e-07 -3.711062986017088505e-05
1.898078324353582596e-07 -3.769241919071575353e-05
1.927917919751011853e-07 -3.828330626809428594e-05
1.958226679932655911e-07 -3.888343088198631392e-05
1.989012000725345544e-07 -3.949293698130018626e-05
2.020281450928958346e-07 -4.011197184788928283e-05
2.052042485660619695e-07 -4.074068041937106699e-05
2.084302995574766337e-07 -4.137921615615658411e-05
2.117070773623335559e-07 -4.202773048472829842e-05
2.150353766704941620e-07 -4.268637777482542361e-05
2.184160183140067082e-07 -4.335531746135767861e-05
2.218498108856698691e-07 -4.403470644831486425e-05
2.253376025229378010e-07 -4.472470934885341975e-05
2.288802408544373312e-07 -4.542549055830402693e-05
2.324785800908993260e-07 -4.613721565321915463e-05
2.361335102630311906e-07 -4.686005716886265660e-05
2.398459081793662671e-07 -4.759418489819200460e-05
2.436166858337552814e-07 -4.833977545748435745e-05
2.474467647695096031e-07 -4.909700721539289603e-05
2.513370635475676908e-07 -4.986605780799013843e-05
2.552885470425063120e-07 -5.064711388230724864e-05
2.593021658108931395e-07 -5.144035910348287999e-05
2.633789009265636236e-07 -5.224598301323268856e-05
2.675197538191961160e-07 -5.306417901546067739e-05
2.717257127060142120e-07 -5.389513773845777678e-05
2.759978233660329804e-07 -5.473906101294279125e-05
2.803371160479631362e-07 -5.559614742434160206e-05
2.847446466487998275e-07 -5.646660044456019989e-05
2.892215011147854420e-07 -5.735062929185241742e-05
2.937687483475293869e-07 -5.824843962520809271e-05
2.983875163436533396e-07 -5.916024857471890996e-05
3.030789231710407763e-07 -6.008627110321018705e-05
3.078441058313859167e-07 -6.102672569913147882e-05
3.126842409150413215e-07 -6.198183844774440843e-05
3.176004864647299216e-07 -6.295183154653161139e-05
3.225940576251460278e-07 -6.393693822931423298e-05
3.276661678198939994e-07 -6.493739114904473197e-05
3.328180420967504090e-07 -6.595342500653744722e-05
3.380509549113726759e-07 -6.698528398985104104e-05
3.433661604962583169e-07 -6.803320803794310478e-05
3.487649686664855746e-07 -6.909744777594539755e-05
3.542486955299142045e-07 -7.017825479144201850e-05
3.598186618163019718e-07 -7.127588129285378216e-05
3.654762475992567577e-07 -7.239059088748334148e-05
3.712228108653989911e-07 -7.352264252241669240e-05
3.770597643715736145e-07 -7.467230562008264627e-05
3.829885346741979849e-07 -7.583985199194342997e-05
3.890105466380503672e-07 -7.702555278221723256e-05
3.951272942570496141e-07 -7.822969239867916258e-05
4.013402473300277153e-07 -7.945255012820062746e-05
4.076509307166130206e-07 -8.069441572500224424e-05
4.140608896351665405e-07 -8.195558256990365109e-05
4.205716624194501931e-07 -8.323634229673304574e-05
4.271848658632431031e-07 -8.453700156935139987e-05
4.339020901947674429e-07 -8.585786140669071642e-05
4.407249825221517779e-07 -8.719923358552206238e-05
4.476552153454526795e-07 -8.856143442731445603e-05
4.546944508497365701e-07 -8.994477776974596495e-05
4.618444381023656954e-07 -9.134959405354692308e-05
4.691068969281213830e-07 -9.277620748321391275e-05
4.764836079671868976e-07 -9.422495371147476817e-05
4.839763800200938656e-07 -9.569617340104974446e-05
4.915870106674646919e-07 -9.719020447818138564e-05
4.993173913563908191e-07 -9.870740274647848977e-05
5.071693812576869961e-07 -1.002481171046287756e-04
5.151449070767385430e-07 -1.018127091191312061e-04
5.232459233462770853e-07 -1.034015452098802079e-04
5.314743758885481715e-07 -1.050149894664120787e-04
5.398323092902966094e-07 -1.066534247032291383e-04
5.483217324072399534e-07 -1.083172260652465191e-04
5.569447320001908695e-07 -1.100067832851547855e-04
5.657034180999839288e-07 -1.117224899491175982e-04
5.745998991231262191e-07 -1.134647386017983983e-04
5.836363842224350499e-07 -1.152339407677338556e-04
5.928150428826174350e-07 -1.170304994297932666e-04
6.021381375488828380e-07 -1.188548349747020616e-04
6.116079438085533106e-07 -1.207073695356220000e-04
6.212267487453771554e-07 -1.225885266505910565e-04
6.309969381900670819e-07 -1.244987482965087544e-04
6.409208537875935964e-07 -1.264384669105167447e-04
6.510009511937985457e-07 -1.284081362885047817e-04
6.612396818175861294e-07 -1.304082084362390148e-04
6.716395294474271381e-07 -1.324391407012681654e-04
6.822030693802395716e-07 -1.345014072829386897e-04
6.929328275687694251e-07 -1.365954716977535455e-04
7.038314725394397776e-07 -1.387218242105969779e-04
7.149016419154853321e-07 -1.408809479362949091e-04
7.261460364745487737e-07 -1.430733371625136918e-04
7.375674311109573503e-07 -1.452994994401990425e-04
7.491685588339185888e-07 -1.475599329356369616e-04
7.609523131328967371e-07 -1.498551658282165633e-04
7.729215315938142578e-07 -1.521857141033033933e-04
7.850791548149977257e-07 -1.545521124711735084e-04
7.974281632896991061e-07 -1.569549020232208214e-04
8.099715348590860661e-07 -1.593946219141106901e-04
8.227123884151503490e-07 -1.618718372679017747e-04
8.356537799001447110e-07 -1.643870994539331498e-04
8.487989155396569846e-07 -1.669409874969773888e-04
8.621509919268633366e-07 -1.695340769368725020e-04
8.757132584364778354e-07 -1.721669519127999592e-04
8.894890731456382942e-07 -1.748402159570394687e-04
9.034817289776110262e-07 -1.775544581976151726e-04
9.176947225276660933e-07 -1.803103054623389490e-04
9.321314780609587220e-07 -1.831083686759105156e-04
9.467955467405899406e-07 -1.859492814363372659e-04
9.616905225472662585e-07 -1.888336836447512823e-04
9.768200074613845177e-07 -1.917622147074582450e-04
9.921877640795589274e-07 -1.947355430096942008e-04
1.007797472886792515e-06 -1.977543188704800059e-04
1.023653021191745798e-06 -2.008192303724620764e-04
1.039758248388953015e-06 -2.039309540154965461e-04
1.056117101198157669e-06 -2.070901846612516195e-04
1.072733606640335364e-06 -2.102976302201242653e-04
1.089611772011495769e-06 -2.135539922661355838e-04
1.106755804553975130e-06 -2.168600083469196527e-04
1.124169815881201043e-06 -2.202163948736290955e-04
1.141858138104006333e-06 -2.236239079993485035e-04
1.159825062035346855e-06 -2.270832930549859796e-04
1.178074991004798455e-06 -2.305953141044647658e-04
1.196612420388600779e-06 -2.341607498892450678e-04
1.215441826496362726e-06 -2.377803723634941413e-04
1.234567905485872862e-06 -2.414549925291442634e-04
1.253995241140298277e-06 -2.451853964758887727e-04
1.273728681205503683e-06 -2.489724175752106028e-04
1.293773001357970316e-06 -2.528168718333168030e-04
1.314133135566953316e-06 -2.567196020022977088e-04
1.334814081157278196e-06 -2.606814592338579928e-04
1.355820860922701653e-06 -2.647032957144856979e-04
1.377158701118966973e-06 -2.687859986184037986e-04
1.398832716152577043e-06 -2.729304296291146237e-04
1.420848339555635539e-06 -2.771375072569970399e-04
1.443210867571359866e-06 -2.814081194226769611e-04
1.465925855001650970e-06 -2.857431989750636170e-04
1.488998831172079773e-06 -2.901436692845371645e-04
1.512435459913364628e-06 -2.946104746476274627e-04
1.536241516286552984e-06 -2.991445756706512249e-04
1.560422777134431177e-06 -3.037469282749505339e-04
1.584985270672303181e-06 -3.084185310475162645e-04
1.609934891028246932e-06 -3.131603517332326447e-04
1.635277901457972740e-06 -3.179734227553576709e-04
1.661020394823565403e-06 -3.228587384966896678e-04
1.687168791984428568e-06 -3.278173497818781534e-04
1.713729439508774320e-06 -3.328502873285454911e-04
1.740708898607452220e-06 -3.379586163649306307e-04
1.768113784371668406e-06 -3.431434059468774223e-04
1.795950804289447771e-06 -3.484057360700898442e-04
1.824226849193141434e-06 -3.537467146406125806e-04
1.852948779244324639e-06 -3.591674368279562657e-04
1.882123768185177686e-06 -3.646690498404492331e-04
1.911758835754025259e-06 -3.702526644746573226e-04
1.941861432361710020e-06 -3.759194651152819588e-04
1.972438784840981355e-06 -3.816705862326741361e-04
2.003498572457383678e-06 -3.875072393955125705e-04
2.035048294803772070e-06 -3.934305941124538464e-04
2.067095823229309887e-06 -3.994418812122146889e-04
2.099648951709050848e-06 -4.055423082321985007e-04
2.132715753062314310e-06 -4.117331259761436435e-04
2.166304321927826146e-06 -4.180155800458384974e-04
2.200422942683373196e-06 -4.243909420051372727e-04
2.235080016732233227e-06 -4.308604954594841274e-04
2.270284050871724856e-06 -4.374255335924392973e-04
2.306043759102178483e-06 -4.440873778360221458e-04
2.342367882344168091e-06 -4.508473439421845086e-04
2.379265452747228182e-06 -4.577067908700938048e-04
2.416745457941850791e-06 -4.646670579764866638e-04
2.454817253453357016e-06 -4.717295413174116270e-04
2.493490087187470064e-06 -4.788956049948112081e-04
2.532773642869064291e-06 -4.861666815814125187e-04
2.572677443283624715e-06 -4.935441611740309931e-04
2.613211504743134657e-06 -5.010295121252172912e-04
2.654385640642391429e-06 -5.086241518958423136e-04
2.696210203770824092e-06 -5.163295837120607246e-04
2.738695315067349897e-06 -5.241472538967673067e-04
2.781851667113079855e-06 -5.320786994572057615e-04
2.825689706628822899e-06 -5.401253972180386498e-04
2.870220468679764043e-06 -5.482889166773530221e-04
2.915454745390245368e-06 -5.565707669534236679e-04
2.961403916286847230e-06 -5.649725485303846995e-04
3.008079140036401430e-06 -5.734958047799998404e-04
3.055492141798350983e-06 -5.821421654347846975e-04
3.103654469534357869e-06 -5.909132102594472080e-04
3.152578194332866151e-06 -5.998105962528033075e-04
3.202275277949007057e-06 -6.088359419096356362e-04
3.252758136696848691e-06 -6.179909292439722535e-04
3.304039172496294655e-06 -6.272772180302421674e-04
3.356131145105701395e-06 -6.366965127640455968e-04
3.409046924984077646e-06 -6.462505172794563713e-04
3.462799612350344666e-06 -6.559409557191364648e-04
3.517402576747105941e-06 -6.657695790056039620e-04
3.572869254536839090e-06 -6.757381277667784403e-04
3.629213547205064592e-06 -6.858484033168688043e-04
3.686449221504210879e-06 -6.961021592669092151e-04
3.744590746201336557e-06 -7.065012509120949247e-04
3.803652211086679498e-06 -7.170474409817773065e-04
3.863648623035772357e-06 -7.277426306933620914e-04
3.924594587356192213e-06 -7.385886235442007397e-04
3.986505467249693774e-06 -7.495873313618783840e-04
4.049396502976519668e-06 -7.607406166956209859e-04
4.113283379978056264e-06 -7.720503931215594307e-04
4.178182025862347716e-06 -7.835185883234840887e-04
4.244108434900725990e-06 -7.951471124004183544e-04
4.311079270259861748e-06 -8.069379633144913022e-04
4.379110819253758890e-06 -8.188930419928408533e-04
4.448220402079218895e-06 -8.310143994231800058e-04
4.518424971877448064e-06 -8.433039897091654247e-04
4.589742148414317140e-06 -8.557638507348253043e-04
4.662189726191448311e-06 -8.683960169577065180e-04
4.735785596364011869e-06 -8.812025051537775155e-04
4.810548402953915766e-06 -8.941854277179639432e-04
4.886496449377627476e-06 -9.073468016516095247e-04
4.963648989526127679e-06 -9.206887718500866846e-04
5.042025185393777520e-06 -9.342134293266468603e-04
5.121644525559209310e-06 -9.479228830093222591e-04
5.202527163085001575e-06 -9.618193167844624192e-04
5.284692954269929969e-06 -9.759048232991229810e-04
5.368162761379207788e-06 -9.901816267849361530e-04
5.452957408135478480e-06 -1.004651902757613957e-03
5.539097935824593207e-06 -1.019317821348231234e-03
5.626606227268588517e-06 -1.034181652460941514e-03
5.715503934253980113e-06 -1.049245582291247203e-03
5.805813457371067736e-06 -1.064511878992646654e-03
5.897557607842343070e-06 -1.079982833969150846e-03
5.990759003112293627e-06 -1.095660659286235017e-03
6.085441401753910088e-06 -1.111547711620475276e-03
6.181628580581169789e-06 -1.127646302017948354e-03
6.279344352164323667e-06 -1.143958698663904983e-03
6.378613683460809626e-06 -1.160487312758584633e-03
6.479461458770916153e-06 -1.177234490812917311e-03
6.581912779909947500e-06 -1.194202564487045759e-03
6.685993806254789839e-06 -1.211393988739817296e-03
6.791730682103698685e-06 -1.228811163115628435e-03
6.899149760705685830e-06 -1.246456468688650343e-03
7.008278507366456473e-06 -1.264332415540025956e-03
7.119144453718095423e-06 -1.282441469907413811e-03
7.231775149672168403e-06 -1.300786046564528231e-03
7.346199493617371641e-06 -1.319368724926550662e-03
7.462446409838115397e-06 -1.338192032521390296e-03
7.580544983299171091e-06 -1.357258467240496369e-03
7.700525275193422197e-06 -1.376570628720985567e-03
7.822417805376727175e-06 -1.396131133837241745e-03
7.946253381805718733e-06 -1.415942589220509085e-03
8.072063103257081130e-06 -1.436007591992805033e-03
8.199879257121572601e-06 -1.456328872699419463e-03
8.329734290242617905e-06 -1.476909130751158372e-03
8.461661018023167689e-06 -1.497751068408881281e-03
8.595692871149197869e-06 -1.518857430202413816e-03
8.731864210606051833e-06 -1.540231052453266969e-03
8.870209695358297818e-06 -1.561874764025805717e-03
9.010764456760777047e-06 -1.583791414788926488e-03
9.153564102626672588e-06 -1.605983877309868912e-03
9.298645373831142984e-06 -1.628455149643381894e-03
9.446045300526451584e-06 -1.651208225064426660e-03
9.595801531847632050e-06 -1.674246144907964862e-03
9.747952110165007753e-06 -1.697571965616317957e-03
9.902536031502026686e-06 -1.721188846679155837e-03
1.005959303039774435e-05 -1.745100019209577802e-03
1.021916334375497999e-05 -1.769308752329168399e-03
1.038128788419425570e-05 -1.793818382446799031e-03
1.054600821912447125e-05 -1.818632313116685939e-03
1.071336636438575591e-05 -1.843753987565421859e-03
1.088340565541272753e-05 -1.869187023161855699e-03
1.105616983097419817e-05 -1.894935077610571117e-03
1.123170336806375862e-05 -1.921001904013674988e-03
1.141005149514084480e-05 -1.947391357842886972e-03
1.159126020562955284e-05 -1.974107404432046131e-03
1.177537627168381558e-05 -2.001154127029836083e-03
1.196244706940862011e-05 -2.028535707855938508e-03
1.215252110083135437e-05 -2.056256511780873986e-03
1.234564763142994767e-05 -2.084321040740633180e-03
1.254187669267666824e-05 -2.112733942778666218e-03
1.274125916791476349e-05 -2.141500033848831031e-03
1.294384680787163134e-05 -2.170624310070090601e-03
1.314969224649181920e-05 -2.200111960852457749e-03
1.335884901708972889e-05 -2.229968382947256078e-03
1.357137156881691963e-05 -2.260199195478818091e-03
1.378731528350122303e-05 -2.290810256031172720e-03
1.400673649278128106e-05 -2.321807677839848871e-03
1.422969249565380259e-05 -2.353197848181332041e-03
1.445624157633021729e-05 -2.384987448011799405e-03
1.468644302248952078e-05 -2.417183472955219958e-03
1.492035714392251669e-05 -2.449793255715426721e-03
1.515804529152965949e-05 -2.482824490001422912e-03
1.539956987676072993e-05 -2.516285256068895304e-03
1.564499439142023063e-05 -2.550184047966252976e-03
1.589438342793413159e-05 -2.584529802608592775e-03
1.614780270000251892e-05 -2.619331930775292694e-03
1.640531906372875886e-05 -2.654600350165847722e-03
1.666700053918272384e-05 -2.690345520635017973e-03
1.693291633242570909e-05 -2.726578481739128090e-03
1.720313685800818336e-05 -2.763310892744230696e-03
1.747773343763987794e-05 -2.800555031298113118e-03
1.775677912216911547e-05 -2.838323947225052102e-03
1.804034820709956444e-05 -2.876631441558419322e-03
1.832851617278526788e-05 -2.915492106689177021e-03
1.862135982800664803e-05 -2.954921397209153699e-03
1.891895733558098113e-05 -2.994935688172051247e-03
1.922138790429688384e-05 -3.035552292209808822e-03
1.952873231350283064e-05 -3.076789592424078457e-03
1.984107337385628545e-05 -3.118667170428746083e-03
2.015849492805890650e-05 -3.161205743068329355e-03
2.048108230956488751e-05 -3.204427299484335911e-03
2.080892126735450203e-05 -3.248355037372363530e-03
2.114210120878822570e-05 -3.293013882941175918e-03
2.148071211941455786e-05 -3.338430169342987419e-03
2.182484502455503918e-05 -3.384631795237347252e-03
2.217459284566970283e-05 -3.431648442528301146e-03
2.253005125981116701e-05 -3.479511801894485945e-03
2.289131631007639960e-05 -3.528255368060562169e-03
2.325848577811519228e-05 -3.577914747680155383e-03
2.363166082485824811e-05 -3.628528013648768535e-03
2.401094216132513857e-05 -3.680135326593947376e-03
2.439643401485359558e-05 -3.732779620987891622e-03
2.478824231249556623e-05 -3.786506517689580686e-03
2.518647325339650250e-05 -3.841364294289550951e-03
2.559123809264469328e-05 -3.897404721530217664e-03
2.600264601286709780e-05 -3.954682268581255489e-03
2.642081276074667909e-05 -4.013255500631418560e-03
2.684585169798943223e-05 -4.073186045723764526e-03
2.727788262661736890e-05 -4.134540056989377543e-03
2.771702296862958118e-05 -4.197387207626523953e-03
2.816339708748265093e-05 -4.261802269739656257e-03
2.861712712828376804e-05 -4.327864073238374409e-03
2.907834115417801235e-05 -4.395656963331606715e-03
2.954716758244644155e-05 -4.465270298419532491e-03
3.002373697124598913e-05 -4.536799025440352295e-03
3.050818442116026171e-05 -4.610344383425113435e-03
3.100064496495500696e-05 -4.686013569444258398e-03
3.150125746060764503e-05 -4.763920704972057774e-03
3.201016412317575017e-05 -4.844187177006187284e-03
3.252750866833825367e-05 -4.926941774483994951e-03
3.305343649429819521e-05 -5.012321156592502991e-03
3.358809852827066353e-05 -5.100470955758273917e-03
3.413164700765709537e-05 -5.191545606045011585e-03
3.468423706221479048e-05 -5.285709129171256571e-03
3.524602650806737573e-05 -5.383135662841986857e-03
3.581717601253720662e-05 -5.484010082073886849e-03
3.639785061865261973e-05 -5.588528902791878306e-03
3.698821768965989657e-05 -5.696900588732345394e-03
3.758844781802242392e-05 -5.809346411275173594e-03
3.819871489857799444e-05 -5.926101204781653031e-03
3.881919620378341314e-05 -6.047414163338760140e-03
3.945007246122325694e-05 -6.173549680885181967e-03
4.009152793337727799e-05 -6.304788236701108772e-03
4.074375049980914895e-05 -6.441427328318038992e-03
4.140693174186819243e-05 -6.583782453938202828e-03
4.208126702994648003e-05 -6.732188146455542199e-03
4.276695561352597660e-05 -6.886999061237991659e-03
4.346419976065620710e-05 -7.048590895894879527e-03
4.417320693307761242e-05 -7.217362062950843926e-03
4.489418905830504990e-05 -7.393734781518140897e-03
4.562736184320049880e-05 -7.578156211059894343e-03
4.637294483688292248e-05 -7.771099811551551717e-03
4.713116073431578359e-05 -7.973066558956937167e-03
4.790224071105793471e-05 -8.184587864205866703e-03
4.868641785578148480e-05 -8.406225404182510186e-03
4.948392838696581502e-05 -8.638572989963039239e-03
5.029501872085942899e-05 -8.882260335175473642e-03
5.111993368433071357e-05 -9.137951352724688059e-03
5.195892971732305919e-05 -9.406349950847298080e-03
5.281226261195975442e-05 -9.688198141068998792e-03
5.368019965169483585e-05 -9.984281893773289118e-03
5.456300619628348252e-05 -1.029542869504845859e-02
5.546096150678016105e-05 -1.062251505782099703e-02
5.637434510630565343e-05 -1.096646393591604873e-02
5.730344304387865317e-05 -1.132824905208601463e-02
5.824855072564762344e-05 -1.170889832116048246e-02
5.920996757120364787e-05 -1.210949407672037847e-02
6.018799888353631484e-05 -1.253117602604755798e-02
6.118295702800390795e-05 -1.297514404028077273e-02
6.219516313004514038e-05 -1.344266127443549674e-02
6.322494403446177137e-05 -1.393505511249365503e-02
6.427263395472177746e-05 -1.445372011170517612e-02
6.533857469897215767e-05 -1.500012027251748647e-02
6.642311590630736295e-05 -1.557579120946803175e-02
6.752661529391740974e-05 -1.618234218526140578e-02
6.864943891576717489e-05 -1.682145796355427603e-02
6.979195879489041594e-05 -1.749489884567806408e-02
7.095456025445719193e-05 -1.820450609089016569e-02
7.213763612308526842e-05 -1.895219942295064963e-02
7.334158740129202356e-05 -1.973997759543319463e-02
7.456682272676921637e-05 -2.056991760316570494e-02
7.581376794172425002e-05 -2.144418028709715873e-02
7.708284939050844063e-05 -2.236499709619574339e-02
7.837451480609517894e-05 -2.333468205157318565e-02
7.968921123201265066e-05 -2.435561176119632742e-02
8.102740884151895726e-05 -2.543023804976404789e-02
8.238958262419318048e-05 -2.656106718300177416e-02
8.377621861653515871e-05 -2.775065557838971020e-02
8.518782157999545167e-05 -2.900160555608871649e-02
8.662490593202285590e-05 -3.031654420656043625e-02
8.808799997041585059e-05 -3.169811036120548375e-02
8.957764642761456152e-05 -3.314893508114560849e-02
9.109440305448702200e-05 -3.467161811242683300e-02
9.263884323502434375e-05 -3.626869964853798867e-02
9.421155663333338954e-05 -3.794262664029343646e-02
9.581314655926157907e-05 -3.969570909929154290e-02
9.744423710753556157e-05 -4.153007956884688379e-02
9.910547291144285566e-05 -4.344763658457967415e-02
1.007975062386147935e-04 -4.544996292223624224e-02
1.025210245914207540e-04 -4.753827978737582005e-02
1.042767211368464479e-04 -4.971332078289833478e-02
1.060653193134605419e-04 -5.197525511743197879e-02
1.078875623609403997e-04 -5.432355158682131147e-02
1.097442148886485945e-04 -5.675683700821143596e-02
1.116360656221488550e-04 -5.927273382843237237e-02
1.135639283871579320e-04 -6.186766997109410804e-02
1.155286431109821206e-04 -6.453665976036788987e-02
1.175310768328198069e-04 -6.727305231513469597e-02
1.195721168935133148e-04 -7.006823293970443345e-02
1.216526915029942496e-04 -7.291132201134661872e-02
1.237737449948609226e-04 -7.578876822945207481e-02
1.259362625280045658e-04 -7.868396258725054992e-02
1.281412524642271415e-04 -8.157674561093701537e-02
1.303897548363139661e-04 -8.444290051835043331e-02
1.326828418364914817e-04 -8.725358730986869371e-02
1.350216180946373827e-04 -8.997473367790462251e-02
1.374072206872473741e-04 -9.256639313856293572e-02
1.398408165396619379e-04 -9.498208595452523051e-02
1.423235954419203246e-04 -9.716815111478568912e-02
1.448567863787179855e-04 -9.906317418092633331e-02
1.474416389254886610e-04 -1.005974952710414344e-01
1.500794250529499337e-04 -1.016929322472019948e-01
1.527714379363746692e-04 -1.022627999310647684e-01
1.555189875520424992e-04 -1.022123638587366101e-01
1.583233905494309116e-04 -1.014399021602761519e-01
1.611859653937772034e-04 -9.983857788245201204e-02
1.641080284559013670e-04 -9.729933744527863304e-02
1.670908819118072553e-04 -9.371506912821611635e-02
1.701358007323090142e-04 -8.898622424433993983e-02
1.732440267672430412e-04 -8.302800488277710389e-02
1.764167578106955018e-04 -7.577909749034826559e-02
1.796551283241309711e-04 -6.721170503636067495e-02
1.829602157030729671e-04 -5.734219223144278177e-02
1.863330152905720105e-04 -4.624147887550426883e-02
1.897744535544211282e-04 -3.404356678411678272e-02
1.932853715031229594e-04 -2.095062784009828205e-02
1.968665381930474691e-04 -7.232574263179664120e-03
2.005186615176313700e-04 6.780417476239641861e-03
2.042424050647084061e-04 2.071333174984354986e-02
2.080384105946767373e-04 3.416932278189604988e-02
2.119073249734703909e-04 4.675838862017969721e-02
2.158498297270910701e-04 5.812829242160885701e-02
2.198666709219926439e-04 6.799333293921994148e-02
2.239586855676928246e-04 7.615650191367051569e-02
2.281268215195050018e-04 8.252157836314633066e-02
2.323721733691370029e-04 8.709360182909328674e-02
2.366959720575880508e-04 8.996826474344996050e-02
2.410995957424952557e-04 9.131291816819388230e-02
2.455845673558820275e-04 9.134285557394361543e-02
2.501525401840201408e-04 9.029682551763484888e-02
2.548053078651051919e-04 8.841505375382396892e-02
2.595447737757317010e-04 8.592194120035176463e-02
2.643729430426396067e-04 8.301435087015461567e-02
2.692919120817637469e-04 7.985535700614078414e-02
2.743038559825519761e-04 7.657264516802042564e-02
2.794110199368919525e-04 7.326041168146069094e-02
2.846157307890797477e-04 6.998355447041496036e-02
2.899203719772832743e-04 6.678312086126970970e-02
2.953273817978873186e-04 6.368210514706426628e-02
3.008392625495499829e-04 6.069095633963303427e-02
3.064585942706757587e-04 5.781234483416630709e-02
3.121879896393028636e-04 5.504491811198602980e-02
3.180301602336331273e-04 5.238578172806288014e-02
3.239878513583323836e-04 4.983174861946662593e-02
3.300639099384539729e-04 4.737922805690331085e-02
3.362612197169505507e-04 4.502293621308299520e-02
3.425827611421203268e-04 4.275342702827095165e-02
3.490315862160179206e-04 4.055367842168848547e-02
3.556108220929055422e-04 3.839486978183062615e-02
3.623236828150223042e-04 3.623160147136721132e-02
3.691734781426863439e-04 3.399691091296637435e-02
3.761636261035208048e-04 3.159764581314467025e-02
3.832976703975475878e-04 2.891112636760728716e-02
3.905792819980904084e-04 2.578460820800704267e-02
3.980123418131741703e-04 2.203977037467283462e-02
4.056009152034681245e-04 1.748539388473246969e-02
4.133493471084420082e-04 1.194174236708119008e-02
4.212622565856756051e-04 5.279905736465070887e-03
4.293446275084848046e-04 -2.523329334933599455e-03
4.376018174472207263e-04 -1.131978795958489548e-02
4.460395468163333866e-04 -2.072702975244651580e-02
4.546638976644399124e-04 -3.009215275805283279e-02
4.634812037857894752e-04 -3.851249213327850168e-02
4.724978907148464431e-04 -4.493879318569880127e-02
4.817202898920219974e-04 -4.836400649294113341e-02
4.911544293990172593e-04 -4.806302197992953773e-02
5.008058065664947999e-04 -4.381103500590941696e-02
5.106793120032005048e-04 -3.599491836641129788e-02
5.207791222125991671e-04 -2.556060568908471303e-02
5.311089323240743591e-04 -1.380291888605614942e-02
5.416720850720884665e-04 -2.071296638665440226e-03
5.524718687455076232e-04 8.504705706277579380e-03
5.635117459766057291e-04 1.718627145379497678e-02
5.747956416984530701e-04 2.366360191174356198e-02
5.863279376040879962e-04 2.798662107557951806e-02
5.981136473822565780e-04 3.044166526523106597e-02
6.101583058008568268e-04 3.142485702253940139e-02
6.224679559699311743e-04 3.134375939344852952e-02
6.350490831595921115e-04 3.055713140377355752e-02
6.479085499637382778e-04 2.934833934738934752e-02
6.610535418031927932e-04 2.792209402017789555e-02
6.744915194660044359e-04 2.641420229269164643e-02
6.882301539897713082e-04 2.490662955024332270e-02
7.022774158795641423e-04 2.344309844994231506e-02
7.166414611037673224e-04 2.204279597975404570e-02
7.313306705522319923e-04 2.071111599857654306e-02
7.463536619964077252e-04 1.944719175787051890e-02
7.617192973489337812e-04 1.824830364583386599e-02
7.774366908840730974e-04 1.711139851638392856e-02
7.935151924856773077e-04 1.603202236959604815e-02
8.099644092067758176e-04 1.500099030831016783e-02
8.267942213853634367e-04 1.399914716777758694e-02
8.440148133351063229e-04 1.299062936602864843e-02
8.616366623429645884e-04 1.191527337173355766e-02
8.796706017697129842e-04 1.068143920734616892e-02
8.981278236297813222e-04 9.161906686089481278e-03
9.170200774271909053e-04 7.197877945746673778e-03
9.266905779582219503e-04 5.987791174355015789e-03
9.364758761126674210e-04 4.601922043316858391e-03
9.463775859557771539e-04 3.024810916857696708e-03
9.563974748799506818e-04 1.248298248651684428e-03
9.665373236792595621e-04 -7.249979273613038622e-04
9.767989334538212595e-04 -2.877954961292221447e-03
9.871842167185713654e-04 -5.175401971557878900e-03
9.976951255148589718e-04 -7.561337720070622492e-03
1.008333651211203597e-03 -9.957752356768635738e-03
1.019101826150522246e-03 -1.226589644793669304e-02
1.030001711708603300e-03 -1.437071436423754608e-02
1.041035383215263175e-03 -1.614877774734675697e-02
1.052204912551941724e-03 -1.747940832869560729e-02
1.063512349775052853e-03 -1.825787198005274919e-02
1.074959705557811509e-03 -1.840875428001492384e-02
1.086548912318239515e-03 -1.789715690222676292e-02
1.098281853195244269e-03 -1.673541138799220993e-02
1.110160375465838985e-03 -1.498368866728911480e-02
1.122186193560170122e-03 -1.274411842699534753e-02
1.134361014601600057e-03 -1.014932864725598752e-02
1.146686491062312400e-03 -7.347566959142029508e-03
1.159164251831333202e-03 -4.487060284725591375e-03
1.171795913188517857e-03 -1.702196654618827465e-03
1.184583163548330164e-03 8.966220707251892907e-04
1.197527650049000185e-03 3.228538257804162981e-03
1.210631134233086225e-03 5.243434123204410158e-03
1.223895442722933635e-03 6.919518618881001504e-03
1.237322455135296973e-03 8.258579826255774137e-03
1.250914128171728111e-03 9.280135857744585548e-03
1.264672495888134697e-03 1.001550279410323013e-02
1.278599667734281768e-03 1.050249166584944771e-02
1.292697825123894761e-03 1.078111726465422193e-02
1.306969217202699676e-03 1.089043552347818827e-02
1.321416156348316192e-03 1.086644407043454302e-02
1.336041013794084849e-03 1.074087939633924099e-02
1.350846215638142923e-03 1.054070642922829565e-02
1.365834239390116686e-03 1.028810078081876175e-02
1.381007603483313737e-03 1.000075157442821203e-02
1.396368822705668826e-03 9.692349565107734322e-03
1.411920567759257245e-03 9.373155972010098480e-03
1.427665473699277991e-03 9.050595142625187522e-03
1.443606187531122848e-03 8.729815865776167916e-03
1.459745513886069688e-03 8.414198842998731054e-03
1.476086129708064536e-03 8.105808290658527565e-03
1.492630936030176110e-03 7.805761947984810045e-03
1.509382724368700524e-03 7.514545351413208507e-03
1.526344407108554341e-03 7.232249331261444980e-03
1.543518945956506285e-03 6.958751139118261181e-03
1.560909283648846896e-03 6.693837637096196336e-03
1.578518433565353216e-03 6.437272970961947088e-03
1.596349491022475446e-03 6.188819147981854119e-03
1.614405560774745613e-03 5.948213541451401881e-03
1.632689794287081522e-03 5.715104624814663914e-03
1.651205390565272822e-03 5.488952097490538279e-03
1.669955597053335468e-03 5.268894589295698705e-03
1.688943710636650695e-03 5.053588681895499618e-03
1.708173078800699586e-03 4.841023373606409552e-03
1.727647101007044432e-03 4.628315160712870996e-03
1.747369230359040572e-03 4.411491169291840986e-03
1.767342917095571231e-03 4.185272591608418802e-03
1.787571755681836936e-03 3.942873921718093727e-03
1.808059389600144779e-03 3.675851595096854552e-03
1.828809435029291703e-03 3.374042969685780297e-03
1.849825671603781089e-03 3.025654046356691940e-03
1.871111918177242091e-03 2.617587347031928580e-03
1.892672041746281536e-03 2.136109007694005774e-03
1.914510035055592236e-03 1.567970862582430958e-03
1.936629992137063518e-03 9.020969909269045683e-04
1.959035986620956838e-03 1.318931672442749670e-04
1.981732367890200446e-03 -7.418938744545439112e-04
2.004723491272977082e-03 -1.707977755673061732e-03
2.028013812600056639e-03 -2.741523060335714773e-03
2.051607864361436589e-03 -3.802092817948670572e-03
2.075510349195339773e-03 -4.833550280911799724e-03
2.099725993757677912e-03 -5.766866673986653646e-03
2.124259576141941316e-03 -6.526425094211299113e-03
2.149115899398540940e-03 -7.039550906893000254e-03
2.174299748873963906e-03 -7.247892146923284873e-03
2.199815859910427083e-03 -7.118247162156289554e-03
2.225668993681777143e-03 -6.650009083869994411e-03
2.251863826585876350e-03 -5.876950941169514428e-03
2.278404943740201805e-03 -4.862555978426287215e-03
2.305296889320272019e-03 -3.689971425649009318e-03
2.332544344404865067e-03 -2.449177750505356077e-03
2.360151758803062921e-03 -1.224543674208308786e-03
2.388123962102609195e-03 -8.529008035478360950e-05
2.416465530543186659e-03 9.196963731877144665e-04
2.445181455476873062e-03 1.762821713706553411e-03
2.474276693647733082e-03 2.435407762111017199e-03
2.503756273288808027e-03 2.943448794043273392e-03
2.533625539937405836e-03 3.302789175113340914e-03
2.563889872091366755e-03 3.534664307407578421e-03
2.594554782013241707e-03 3.662141110621675716e-03
2.625625910172113813e-03 3.707604249316213268e-03
2.657109019319465679e-03 3.691213246049970809e-03
2.689009988914477234e-03 3.630137299852072286e-03
2.721334810327513589e-03 3.538345984639000574e-03
2.754089583026954335e-03 3.426755574451056247e-03
2.787280511798776155e-03 3.303573573598332647e-03
2.820913904947520544e-03 3.174729774684300482e-03
2.854996173372256491e-03 3.044321581306189822e-03
2.889533720279485480e-03 2.915031636726312519e-03
2.924533216993040283e-03 2.788494155269778674e-03
2.960001412131423905e-03 2.665604555747790039e-03
2.995944926584117977e-03 2.546769355315173927e-03
3.032370856486526177e-03 2.432096526472426329e-03
3.069286029054277276e-03 2.321537980302107104e-03
3.106697724178133536e-03 2.214979910949738118e-03
3.144612955037451221e-03 2.112295078556593667e-03
3.183039194294397765e-03 2.013352986793420785e-03
3.221983864815493835e-03 1.917999979224604273e-03
3.261454400068071555e-03 1.826007965340997394e-03
3.301458518776902683e-03 1.736996699291493834e-03
3.342004008755135921e-03 1.650334636841764915e-03
3.383098747706966836e-03 1.565020075758561183e-03
3.424750736393456906e-03 1.479547375692636182e-03
3.466968101657850066e-03 1.391764321444039984e-03
3.509759099985209664e-03 1.298730185305302029e-03
3.553132121734618558e-03 1.196590509643631964e-03
3.597095696183105762e-03 1.080494708174568885e-03
3.641658497503289741e-03 9.445969569725261999e-04
3.686829278744981498e-03 7.821993651431075056e-04
3.732616999234820987e-03 5.861146624841218067e-04
3.779030880472883901e-03 3.493408322703187019e-04
3.826080174100971853e-03 6.613689683284372511e-05
3.873774290223148432e-03 -2.664569631357568968e-04
3.922123067194424086e-03 -6.467109371140165874e-04
3.971136127180753886e-03 -1.066132086731459705e-03
4.020823756823125629e-03 -1.507716007998509064e-03
4.071196016811062107e-03 -1.945204222062261665e-03
4.122263364981172164e-03 -2.344178795154954614e-03
4.174036392871593656e-03 -2.665566205024375371e-03
4.226525656270649876e-03 -2.871522700232676147e-03
4.279741847822152861e-03 -2.932710631250482272e-03
4.333695813796802770e-03 -2.835066809394801851e-03
4.388398342097619281e-03 -2.583859463806494061e-03
4.443860255586616105e-03 -2.203466993086241124e-03
4.500092427088500657e-03 -1.732752796057080227e-03
4.557105808503965697e-03 -1.217486356987079049e-03
4.614911468664047861e-03 -7.021735514314234733e-04
4.673520633316026809e-03 -2.235250841533878430e-04
4.732944721293144349e-03 1.931630966983712006e-04
4.793195218957998528e-03 5.346208216229671184e-04
4.854284092738392863e-03 7.979734993178201619e-04
4.916223501647990456e-03 9.879477760512851703e-04
4.979025675417727594e-03 1.113881712766683074e-03
5.042703220975485248e-03 1.187158692479281172e-03
5.107269095398067268e-03 1.219330969677911991e-03
5.172736139871478810e-03 1.220947668329461222e-03
5.239117899224630254e-03 1.200963053997078714e-03
5.306427712598925026e-03 1.166556844900098686e-03
5.374679402888198759e-03 1.123211268499917440e-03
5.443887027537164074e-03 1.074924025017853779e-03
5.514064583655478927e-03 1.024474737800306137e-03
5.585226572973869298e-03 9.736935158610200008e-04
5.657387676729358147e-03 9.237056844744523029e-04
5.730562732511402906e-03 8.751396845331528562e-04
5.804766809677048764e-03 8.282949033685911219e-04
5.880015212753484689e-03 7.832707722092886737e-04
5.956323485123577073e-03 7.400602850090162374e-04
6.033707412901261058e-03 6.986117626281134613e-04
6.112183028931659351e-03 6.588626563295381031e-04
6.191766616878992789e-03 6.207489144313084115e-04
6.272474715392496215e-03 5.841931131832589844e-04
6.354324122368013028e-03 5.490742323062403063e-04
6.437331842566782099e-03 5.151817180148081723e-04
6.521515005324861509e-03 4.821562604484354655e-04
6.606891417463133659e-03 4.494195815966496935e-04
6.693478855574192324e-03 4.160971812421756025e-04
6.781295223899126354e-03 3.809381400760895528e-04
6.870359273057669719e-03 3.422404630656090269e-04
6.960689200169162434e-03 2.977973350812880560e-04
7.052304464235313944e-03 2.448852429205528383e-04
7.145223954878509622e-03 1.803323712387802299e-04
7.239467498907382718e-03 1.007124065060061371e-04
7.335055075583707743e-03 2.725080053959418047e-06
7.432006635256998596e-03 -1.161830293562454708e-04
7.530343033145691159e-03 -2.569362156690903690e-04
7.630085253255126931e-03 -4.177382724641484288e-04
7.731254609846383366e-03 -5.929635700089880973e-04
7.833872784780329668e-03 -7.723865665511669976e-04
7.937961817353480359e-03 -9.412395677118540541e-04
8.043544085042084180e-03 -1.081563955684879987e-03
8.150642276743835790e-03 -1.175018466367853953e-03
8.259279362890278170e-03 -1.206725410585461969e-03
8.369478569155689232e-03 -1.169088250392826683e-03
8.481263361171541629e-03 -1.064198691474801603e-03
8.594657445859649886e-03 -9.037929703143345733e-04
8.709684791006434487e-03 -7.066565760569390800e-04
8.826369435262019711e-03 -4.944196135957864419e-04
8.944735970805577085e-03 -2.872321502706528043e-04
9.064809546047275166e-03 -1.006173831301828553e-04
9.186615193099732790e-03 5.590672320362859160e-05
9.310178846671127856e-03 1.785959372522395033e-04
9.435526756285665673e-03 2.682270028895135036e-04
9.562685480138761671e-03 3.284864951846010184e-04
9.691682297561152876e-03 3.644836337037020077e-04
9.822544874896959460e-03 3.816280348750335921e-04
9.955301036602087414e-03 3.849203872016470143e-04
1.008997971223196677e-02 3.785926484542604178e-04
1.022660977391210042e-02 3.659961692159523911e-04
1.036522046413884332e-02 3.496408875193427607e-04
1.050584203546142160e-02 3.313108093561997064e-04
1.064850487169337508e-02 3.122067694114379760e-04
1.079323983592145840e-02 2.930873496636010600e-04
1.094007827648554865e-02 2.743936698840305707e-04
1.108905203374964919e-02 2.563523886480374193e-04
1.124019344747250251e-02 2.390560853278880619e-04
1.139353536461855387e-02 2.225224590432519321e-04
1.154911114748628266e-02 2.067346159747400491e-04
1.170695468206496039e-02 1.916648524178691734e-04
1.186710038656578307e-02 1.772841956350274840e-04
1.202958322010607047e-02 1.635597449275490861e-04
1.219443869155685013e-02 1.504416262377325335e-04
1.236170262772709472e-02 1.378412013714877191e-04
1.253141155757565850e-02 1.256019445195189453e-04
1.270360295208101953e-02 1.134645419916557353e-04
1.287831435094688622e-02 1.010281124397350086e-04
1.305558382805030969e-02 8.771021191063049435e-05
1.323545087389530264e-02 7.271057805624233164e-05
1.341795413812504369e-02 5.498742140938725140e-05
1.360313472071578329e-02 3.325958391711073686e-05
1.379103240664846311e-02 6.057022265614549900e-06
1.398168950910782561e-02 -2.815315724936798616e-05
1.417514749781864300e-02 -7.073095539271954946e-05
1.437144938332569552e-02 -1.224951252588564812e-04
1.457063885688905658e-02 -1.832259573097063006e-04
1.477275971053681330e-02 -2.511060042445054270e-04
1.497785691460399617e-02 -3.222564296934478552e-04
1.518597632014707065e-02 -3.906147734017277086e-04
1.539716421500936759e-02 -4.484233915649882100e-04
1.561146758300201685e-02 -4.874718276498862975e-04
1.582893408248856396e-02 -5.009332099536502325e-04
1.604961202784876279e-02 -4.852615046352444679e-04
1.627355038146372293e-02 -4.414074674469917019e-04
1.650079876205457624e-02 -3.747813403109103401e-04
1.673140747090733765e-02 -2.939181122067931196e-04
1.696542753243959409e-02 -2.083820269845339766e-04
1.720291074195652234e-02 -1.267184554471258162e-04
1.744390971267516938e-02 -5.509730505136919282e-05
1.768847791597942531e-02 3.128814597947501136e-06
1.793666971205918476e-02 4.711761123460693132e-05
1.818854006082695762e-02 7.782998564705373781e-05
1.844414493381969777e-02 9.725095989500127242e-05
1.870354186938098448e-02 1.077429334601243821e-04
1.896678869550340318e-02 1.116067274976612761e-04
1.923394371251302415e-02 1.108398108685508532e-04
1.950506769004685392e-02 1.070422781490106695e-04
1.978022048109382910e-02 1.014161791845595573e-04
2.005946456411140250e-02 9.481385570803439397e-05
2.034286203229365708e-02 8.780542200345544529e-05
2.063047718613133380e-02 8.074757363420496069e-05
2.092237384674973041e-02 7.384509876213704062e-05
2.121861869337675344e-02 6.720135307613519203e-05
2.151927746064589281e-02 6.085743629564294155e-05
2.182441838655943198e-02 5.482049451204840974e-05
2.213411049709065534e-02 4.908267076748754933e-05
2.244842312309697219e-02 4.363185169386184226e-05
2.276742720025647093e-02 3.845542142221869235e-05
2.309119517230136601e-02 3.353816098259233131e-05
2.341980015142241731e-02 2.885522118727893576e-05
2.375331639733406844e-02 2.436097981302820167e-05
2.409181933592035793e-02 1.997458422065825565e-05
2.443538545052336211e-02 1.556298520140829943e-05
2.478409263909927412e-02 1.092253821087150155e-05
2.513802010392047689e-02 5.760967150528987363e-06
2.549724813944322099e-02 -3.171444441125992331e-07
2.586185831080514350e-02 -7.815847540436262481e-06
2.623193329890935802e-02 -1.733545702005054312e-05
2.660755720444357014e-02 -2.952957186422538842e-05
2.698881567672758997e-02 -4.501577192641344378e-05
2.737579561178779541e-02 -6.422565408001519593e-05
2.776858530582524201e-02 -8.719102607991744032e-05
2.816727447941198489e-02 -1.132896945962877464e-04
2.857195380657933867e-02 -1.410175967152221647e-04
2.898271561949376449e-02 -1.679018109891311332e-04
2.939965461654949277e-02 -1.906880374587689980e-04
2.982286618512714968e-02 -2.058826505595111062e-04
3.025244590598549776e-02 -2.105834697543297000e-04
3.068849361979677712e-02 -2.033437352640427194e-04
3.113110820657911601e-02 -1.847072964187999791e-04
3.158039089245694847e-02 -1.571447538346734066e-04
3.203644490672790529e-02 -1.243923602900053743e-04
3.249937354625017510e-02 -9.047997612768158594e-05
3.296928370694634375e-02 -5.884113890037038705e-05
3.344628205055175801e-02 -3.178686448034300643e-05
3.393047823920902761e-02 -1.040372328840353730e-05
3.442198364731754306e-02 5.236826570150258583e-06
3.492090966268013991e-02 1.573308374020160154e-05
3.542737242314344254e-02 2.201442839587096530e-05
3.594148782842748052e-02 2.508421998634042908e-05
3.646337317588378008e-02 2.586179094142440453e-05
3.699314981056142648e-02 2.510746661938518219e-05
3.753093965833807083e-02 2.340417315341162055e-05
3.807686637859140216e-02 2.117117033402070997e-05
3.863105510727317393e-02 1.869212557686027436e-05
3.919363463867661657e-02 1.614661405847255850e-05
3.976473479021523649e-02 1.363933760156993240e-05
4.034448742633783141e-02 1.122457628725456995e-05
4.093302649096309392e-02 8.925271081886227212e-06
4.153048804077438122e-02 6.746979699829907737e-06
4.213701027926210207e-02 4.687279790877821491e-06
4.275273359143557522e-02 2.741259392726055032e-06
4.337780057916024862e-02 9.036965535621317366e-07
4.401235609710960756e-02 -8.315364117863740037e-07
4.465654728935206791e-02 -2.474375164374640647e-06
4.531052362662021243e-02 -4.043360605062535848e-06
4.597443694434088374e-02 -5.571957729251378680e-06
4.664844148152933606e-02 -7.116008921314795344e-06
4.733269392067524645e-02 -8.761807897642698816e-06
4.802735225941464486e-02 -1.063393905157642566e-05
4.873257884522749078e-02 -1.290136571311414730e-05
4.944853822619375838e-02 -1.577907373462772347e-05
5.017539727436930164e-02 -1.952098734693443870e-05
5.091332413989270445e-02 -2.439800599128279322e-05
5.166249129164855042e-02 -3.065390261452940329e-05
5.242307463077195556e-02 -3.843314179047838206e-05
5.319525044277129133e-02 -4.768143398148707874e-05
5.397919917944311863e-02 -5.803468357864864906e-05
5.477510583039074676e-02 -6.873366718237637011e-05
5.558315342276500676e-02 -7.862189239124246342e-05
5.640353429360799031e-02 -8.628392356086291883e-05
5.723643825365834492e-02 -9.033918317356186625e-05
5.808206196379284147e-02 -8.982592472347246566e-05
5.894060216689665094e-02 -8.452931499265269218e-05
5.981226152050627548e-02 -7.509596888978834449e-05
6.069724227369828473e-02 -6.286568202686451147e-05
6.159575477619080169e-02 -4.949265734407407719e-05
6.250800592555606772e-02 -3.652582996638287227e-05
6.343421315764145862e-02 -2.510758168060940251e-05
6.437459301591226535e-02 -1.586158204330454739e-05
6.532936489394783330e-02 -8.942921757275714735e-06
6.629875568346392523e-02 -4.175554740920225938e-06
6.728299315867151964e-02 -1.204365212234136291e-06
6.828230660606667002e-02 3.822202391261415866e-07
6.929693417943920408e-02 9.732253264530584674e-07
7.032711507449619648e-02 8.953358490813444377e-07
7.137309233342023496e-02 4.008295709892776768e-07
7.243511133614181918e-02 -3.283840656948975797e-07
7.351342427583620887e-02 -1.169267504326173580e-06
7.460828659472573676e-02 -2.044093996245177364e-06
7.571995736550564404e-02 -2.907694176152938754e-06
7.684869983686531958e-02 -3.736743526889206579e-06
7.799478150559503720e-02 -4.521419301432719542e-06
7.915847419051660894e-02 -5.259328270526347163e-06
8.034005410818127746e-02 -5.951445247931539534e-06
8.153980195031163003e-02 -6.599770081007786879e-06
8.275800296299953840e-02 -7.206428981209765314e-06
8.399494702769601251e-02 -7.773977403113232956e-06
8.525092874406618726e-02 -8.306693348312491239e-06
8.652624751480708643e-02 -8.812676334566445918e-06
8.782120763254946949e-02 -9.306584208696388420e-06
8.913611836899779095e-02 -9.812830322080616334e-06
9.047129406648364569e-02 -1.036899727069226203e-05
9.182705423212182694e-02 -1.102905218970976712e-05
9.320372363477907873e-02 -1.186561184313172403e-05
9.460163147190422950e-02 -1.296995062817924696e-05
9.602111219631417893e-02 -1.444768549999477306e-05
9.746250866283391601e-02 -1.640728661157710329e-05
9.892616770341089438e-02 -1.893824699189631004e-05
1.004124419417986303e-01 -2.207694719035571381e-05
1.019216857691675332e-01 -2.576223228957155850e-05
1.034542671460415286e-01 -2.979052220226864785e-05
1.050105570124319210e-01 -3.379019136878514415e-05
1.065909287219462959e-01 -3.724170549250797792e-05
1.081957665689189940e-01 -3.956338807909994329e-05
1.098254622594011382e-01 -4.025616234699382848e-05
1.114804061064035984e-01 -3.906198243266105876e-05
1.131610055745602972e-01 -3.606544185314071969e-05
1.148676678679237256e-01 -3.168356532733953516e-05
1.166008083898479458e-01 -2.654370244875169267e-05
1.183608529899973644e-01 -2.130699041604400702e-05
1.201482281796685953e-01 -1.651414860801881952e-05
1.219633764908574225e-01 -1.250365071351451033e-05
1.238067390095162201e-01 -9.407612488916748759e-06
1.256787727352357276e-01 -7.198571939950730060e-06
1.275799370717556613e-01 -5.753422843918839114e-06
1.295107009837019041e-01 -4.910172578766604061e-06
1.314715461632600391e-01 -4.507183720502084753e-06
1.334629510049096246e-01 -4.404608027942726219e-06
1.354854176386670328e-01 -4.492416532161176614e-06
1.375394489535343712e-01 -4.690237232538230954e-06
1.396255521434019431e-01 -4.943138420348137507e-06
1.417442552248884269e-01 -5.216061779272234984e-06
1.438960895485845159e-01 -5.488373157779902808e-06
1.460815936144154725e-01 -5.749204285894531303e-06
1.483013187010705780e-01 -5.993789419989482663e-06
1.505558289667202898e-01 -6.220777510997077802e-06
1.528456963164930293e-01 -6.430414344207982828e-06
1.551715034494485224e-01 -6.623469144342034520e-06
1.575338441448134452e-01 -6.800783502512112565e-06
1.599333212524906012e-01 -6.963335641736891459e-06
1.623705540984201889e-01 -7.112727862165893261e-06
1.648461719064013564e-01 -7.252014701929551796e-06
1.673608159255529082e-01 -7.386800877353652192e-06
1.699151401147797336e-01 -7.526533201771359351e-06
1.725098115136128041e-01 -7.685885863025491071e-06
1.751455106303987652e-01 -7.886068933191727219e-06
1.778229318489635835e-01 -8.155750739092967839e-06
1.805427838549301389e-01 -8.531053114175157423e-06
1.833057893684006401e-01 -9.053758833029611946e-06
1.861126844322091578e-01 -9.766541411419197433e-06
1.889642258231462035e-01 -1.070391733025297326e-05
1.918611840775677757e-01 -1.187814823479585447e-05
1.948043464972998573e-01 -1.326109739092893344e-05
1.977945174375158599e-01 -1.476638249176112421e-05
2.008325112933594114e-01 -1.624037562012917808e-05
2.039191764005938157e-01 -1.747303453047361417e-05
2.070553729809367083e-01 -1.823591198378763235e-05
2.102419705394911187e-01 -1.834275912157581575e-05
2.134798774153010004e-01 -1.771190109337169270e-05
2.167700109696400201e-01 -1.640099519083161768e-05
2.201133113821032439e-01 -1.459432367906484990e-05
2.235107481132527774e-01 -1.254720014952684891e-05
2.269633051936544021e-01 -1.051423862046663550e-05
2.304719986148708044e-01 -8.692215361409211466e-06
2.340378699968939935e-01 -7.194478486755912948e-06
2.376619753289482828e-01 -6.055322138449306842e-06
2.413454176838646659e-01 -5.251739535550183470e-06
2.450893179442769909e-01 -4.729157473191199657e-06
2.488948223183876374e-01 -4.422603256151838884e-06
2.527631169149713308e-01 -4.270379263230722955e-06
2.566954200227499205e-01 -4.220887175467133868e-06
2.606929815231597836e-01 -4.234638955849195463e-06
2.647570872301437950e-01 -4.283516043844171257e-06
2.688890605617665353e-01 -4.348798968224675747e-06
2.730902643176580935e-01 -4.418895714539646034e-06
2.773621025697666775e-01 -4.487244989997201338e-06
2.817060221879263970e-01 -4.550587345292385864e-06
2.861235056503368401e-01 -4.607645430034537333e-06
2.906161012732988436e-01 -4.658186975181683918e-06
2.951853994238610723e-01 -4.702418883239655335e-06
2.998330230988613954e-01 -4.740660345796637691e-06
3.045606874886551130e-01 -4.773246534104711824e-06
3.093701225406192412e-01 -4.800618803609544346e-06
3.142631565073533140e-01 -4.823567208626520966e-06
3.192416612087259908e-01 -4.843591327544040023e-06
3.243075698404161988e-01 -4.863351478350856562e-06
3.294629011469603075e-01 -4.887176886909019445e-06
3.347097425061372200e-01 -4.921582474697573325e-06
3.400502593383937788e-01 -4.975709959790256204e-06
3.454866956431943970e-01 -5.061541397784159258e-06
3.510213862919160377e-01 -5.193630358848455044e-06
3.566567682909052017e-01 -5.387968200751540749e-06
3.623953575223878842e-01 -5.659500650088695583e-06
3.682397948490203077e-01 -6.017862248356787083e-06
3.741928039524384797e-01 -6.461278860740872878e-06
3.802572536002931658e-01 -6.969549396004242757e-06
3.864361211045914124e-01 -7.498480490925627049e-06
3.927325174441059774e-01 -7.979603498712130663e-06
3.991496959575558390e-01 -8.329011311280506242e-06
4.056910385844592626e-01 -8.466281340514561732e-06
4.123601261094571035e-01 -8.338768599529575816e-06
4.191606568098545926e-01 -7.941206957793944332e-06
4.260965482051927156e-01 -7.320399701566147410e-06
4.331718899893939323e-01 -6.561678064266363323e-06
4.403909789688000842e-01 -5.763533062861517036e-06
4.477583104504828659e-01 -5.012233896999572762e-06
4.552786489574534023e-01 -4.365989657569154751e-06
4.629569730919120829e-01 -3.851434135343289678e-06
4.707985320859765510e-01 -3.469240432460592681e-06
4.788088667762597228e-01 -3.203579455924625220e-06
4.869938287119194853e-01 -3.031161190979162379e-06
4.953595650844981879e-01 -2.927775459996204946e-06
5.039126018603597990e-01 -2.872023781501062726e-06
5.126598133043421823e-01 -2.846846023651775949e-06
5.216085115893276392e-01 -2.839654851861943177e-06
5.307664026693811321e-01 -2.841763274415211337e-06
5.401416753291949924e-01 -2.847558365647224771e-06
5.497430396833740129e-01 -2.853674604322512117e-06
5.595797100336259433e-01 -2.858282127085804737e-06
5.696615058546307120e-01 -2.860526487244618901e-06
5.799988931312357598e-01 -2.860117013019658505e-06
5.906029932003749039e-01 -2.857045409440655973e-06
6.014856951187027567e-01 -2.851412271827256071e-06
6.126596618231244795e-01 -2.843340289654676303e-06
6.241384539377728968e-01 -2.832955449840816029e-06
6.359365745363269040e-01 -2.820420457647333193e-06
6.480695469215032034e-01 -2.806006956731679064e-06
6.605540355614737402e-01 -2.790195204650253592e-06
6.734079181664787139e-01 -2.773791339938905156e-06
6.866504222990822415e-01 -2.758051889665276803e-06
7.003022316262350611e-01 -2.744802291275216582e-06
7.143856384138052018e-01 -2.736528235565656236e-06
7.289247144511532550e-01 -2.736404671642531528e-06
7.439454465107031567e-01 -2.748206187296899344e-06
7.594759764560043980e-01 -2.776017405709667611e-06
7.755467896560864771e-01 -2.823643427383906290e-06
7.921909776138790216e-01 -2.893630549219453833e-06
8.094445138069840118e-01 -2.985882412709687204e-06
8.273465672733888443e-01 -3.096034936558331272e-06
8.459398598349303633e-01 -3.214040542233748013e-06
8.652710738598368145e-01 -3.323721522084939592e-06
8.853913186827108150e-01 -3.404160316161682488e-06
9.063566652776744448e-01 -3.433405538812755640e-06
9.282287124785016941e-01 -3.393967667622517287e-06
9.510753317944425911e-01 -3.278333865692465468e-06
