1.015718147790444312e-10 3.333330748613076988e-01
1.031683421231330625e-10 3.333330707985925900e-01
1.047899588266950018e-10 3.333330666720323854e-01
1.064370643558314324e-10 3.333330624806104536e-01
1.081100599151601279e-10 3.333330582233055006e-01
1.098093494919369884e-10 3.333330538990898484e-01
1.115353530555917032e-10 3.333330495068946853e-01
1.132884857871427202e-10 3.333330450456636895e-01
1.150691730005416908e-10 3.333330405143141717e-01
1.168778511013028400e-10 3.333330359117359643e-01
1.187149536739177768e-10 3.333330312368255610e-01
1.205809382453695552e-10 3.333330264884187266e-01
1.224762516012674162e-10 3.333330216653784817e-01
1.244013512971449017e-10 3.333330167665402577e-01
1.263567131363411814e-10 3.333330117906937451e-01
1.283428100877191949e-10 3.333330067366353511e-01
1.303601214158898828e-10 3.333330016031452181e-01
1.324091480836520362e-10 3.333329963889484215e-01
1.344903746371818675e-10 3.333329910928121143e-01
1.366043165057984901e-10 3.333329857134248453e-01
1.387514883449861356e-10 3.333329802494768290e-01
1.409324058111640537e-10 3.333329746996557819e-01
1.431476087984309748e-10 3.333329690625879693e-01
1.453976264350423271e-10 3.333329633369270795e-01
1.476830081357204657e-10 3.333329575212745088e-01
1.500043181897260974e-10 3.333329516141947946e-01
1.523621084846291781e-10 3.333329456142832825e-01
1.547569623088894369e-10 3.333329395200557710e-01
1.571894620091593597e-10 3.333329333300303343e-01
1.596601888530666092e-10 3.333329270427277669e-01
1.621697581926619677e-10 3.333329206565824321e-01
1.647187681253454318e-10 3.333329141700719367e-01
1.673078436278465678e-10 3.333329075816064968e-01
1.699376198197117262e-10 3.333329008895692946e-01
1.726087260000082333e-10 3.333328940923593886e-01
1.753218200635973281e-10 3.333328871883023403e-01
1.780775582257139043e-10 3.333328801757282078e-01
1.808766117367962559e-10 3.333328730529296346e-01
1.837196628112252924e-10 3.333328658181696214e-01
1.866073972801980805e-10 3.333328584697033969e-01
1.895405238673688437e-10 3.333328510057272376e-01
1.925197594053837386e-10 3.333328434244176575e-01
1.955458130649559014e-10 3.333328357239693229e-01
1.986194390954084860e-10 3.333328279024632135e-01
2.017413723901611487e-10 3.333328199580291584e-01
2.049123736307395244e-10 3.333328118887314284e-01
2.081332293256133464e-10 3.333328036925687909e-01
2.114046973150925134e-10 3.333327953676126776e-01
2.147275925612352963e-10 3.333327869117891362e-01
2.181027202285147914e-10 3.333327783230494723e-01
2.215308924399171203e-10 3.333327695993268946e-01
2.250129559864702015e-10 3.333327607384667379e-01
2.285497449094056315e-10 3.333327517383465333e-01
2.321421285601038965e-10 3.333327425967540503e-01
2.357909848994532117e-10 3.333327333114553537e-01
2.394971811360185246e-10 3.333327238802433756e-01
2.432616411931379416e-10 3.333327143007670523e-01
2.470852713460630425e-10 3.333327045707203951e-01
2.509689944470243145e-10 3.333326946877550045e-01
2.549137749257366195e-10 3.333326846494165663e-01
2.589205491908785919e-10 3.333326744533221531e-01
2.629903056442224293e-10 3.333326640969569987e-01
2.671240369274527721e-10 3.333326535777945687e-01
2.713227324739442990e-10 3.333326428933176544e-01
2.755874339471852225e-10 3.333326320408749877e-01
2.799191623405212767e-10 3.333326210178690907e-01
2.843189794887166255e-10 3.333326098215972921e-01
2.887879582617280780e-10 3.333325984493297200e-01
2.933271727891879542e-10 3.333325868983332829e-01
2.979377402286565236e-10 3.333325751657650882e-01
3.026207818794836460e-10 3.333325632487717516e-01
3.073774211155647895e-10 3.333325511444945599e-01
3.122088380901238238e-10 3.333325388499302488e-01
3.171161868438972555e-10 3.333325263621424450e-01
3.221006712575884218e-10 3.333325136780678211e-01
3.271635144799969187e-10 3.333325007945934226e-01
3.323059195906194075e-10 3.333324877086579763e-01
3.375291630286471110e-10 3.333324744170135245e-01
3.428345044502651771e-10 3.333324609164542984e-01
3.482232335855944101e-10 3.333324472036988118e-01
3.536966716530498151e-10 3.333324332753847541e-01
3.592561340578682759e-10 3.333324191281648585e-01
3.649029806208978358e-10 3.333324047585787264e-01
3.706385981364607652e-10 3.333323901630976804e-01
3.764643502342979798e-10 3.333323753382513854e-01
3.823816876664685961e-10 3.333323602803485164e-01
3.883920299517576228e-10 3.333323449857769627e-01
3.944968383692279686e-10 3.333323294508176993e-01
4.006976143339263532e-10 3.333323136716505597e-01
4.069958429875258073e-10 3.333322976444964558e-01
4.133930760320923834e-10 3.333322813654064354e-01
4.198908663709102224e-10 3.333322648304291036e-01
4.264907738804798329e-10 3.333322480355951356e-01
4.331944343185212941e-10 3.333322309767420832e-01
4.400034603572432667e-10 3.333322136497662291e-01
4.469195071461114250e-10 3.333321960504555537e-01
4.539442774002017083e-10 3.333321781744777446e-01
4.610794411641999070e-10 3.333321600175826460e-01
4.683267705185429401e-10 3.333321415752612538e-01
4.756880164662801920e-10 3.333321228430575767e-01
4.831649580043450711e-10 3.333321038164450689e-01
4.907594371468503289e-10 3.333320844907358693e-01
4.984732760697309019e-10 3.333320648612937975e-01
5.063083634537673468e-10 3.333320449233125315e-01
5.142666201048266980e-10 3.333320246719042035e-01
5.223499399819727380e-10 3.333320041022496683e-01
5.305603309603491409e-10 3.333319832092391799e-01
5.388997741882625402e-10 3.333319619878317708e-01
5.473702875145123995e-10 3.333319404328928814e-01
5.559739585347875341e-10 3.333319185391098172e-01
5.647128478089376122e-10 3.333318963012395497e-01
5.735891031579586546e-10 3.333318737138165067e-01
5.826048876076231678e-10 3.333318507713368128e-01
5.917623642110082699e-10 3.333318274682959270e-01
6.010637939291280918e-10 3.333318037989407845e-01
6.105114200103165054e-10 3.333317797575630625e-01
6.201075404592055364e-10 3.333317553383153276e-01
6.298545127829655035e-10 3.333317305351982673e-01
6.397546686657284188e-10 3.333317053422791831e-01
6.498104458370006629e-10 3.333316797533543707e-01
6.600242921899813970e-10 3.333316537621950904e-01
6.703986576905169078e-10 3.333316273625672177e-01
6.809361099799511774e-10 3.333316005479370903e-01
6.916391838547539568e-10 3.333315733118543123e-01
7.025104859393141225e-10 3.333315456476864669e-01
7.135526870572383531e-10 3.333315175486369353e-01
7.247684187286256353e-10 3.333314890080095738e-01
7.361604604521779212e-10 3.333314600187318177e-01
7.477315682670926257e-10 3.333314305737906658e-01
7.594845365575206944e-10 3.333314006660753614e-01
7.714222630532681353e-10 3.333313702882121921e-01
7.835476065517918939e-10 3.333313394329268098e-01
7.958635467978136300e-10 3.333313080926371685e-01
8.083730890746918653e-10 3.333312762596954415e-01
8.210792249262522812e-10 3.333312439264898841e-01
8.339851021364411773e-10 3.333312110850106258e-01
8.470938314457691448e-10 3.333311777273414989e-01
8.604085949745582780e-10 3.333311438453859799e-01
8.739326684553401951e-10 3.333311094308083478e-01
8.876692891568113100e-10 3.333310744753713029e-01
9.016218344264274217e-10 3.333310389704806087e-01
9.157937040153748230e-10 3.333310029074854630e-01
9.301882976499988493e-10 3.333309662777348970e-01
9.448091744817493362e-10 3.333309290721725437e-01
9.596598574457824561e-10 3.333308912818339076e-01
9.747439564509321035e-10 3.333308528975330587e-01
9.900651790165475042e-10 3.333308139098363765e-01
1.005627183743563048e-09 3.333307743094339748e-01
1.021433820177523418e-09 3.333307340865306334e-01
1.037488913851804992e-09 3.333306932313920279e-01
1.053796339643699657e-09 3.333306517341581010e-01
1.070360113751493090e-09 3.333306095846093609e-01
1.087184227168028252e-09 3.333305667725908195e-01
1.104272779411970465e-09 3.333305232876707658e-01
1.121629969273324162e-09 3.333304791191650240e-01
1.139259928613020515e-09 3.333304342565600598e-01
1.157167032744001335e-09 3.333303886887228340e-01
1.175355605932723614e-09 3.333303424046496488e-01
1.193830046612290298e-09 3.333302953931489010e-01
1.212594907774324772e-09 3.333302476426351357e-01
1.231654685432201525e-09 3.333301991416679488e-01
1.251014059915730041e-09 3.333301498783383665e-01
1.270677757546663315e-09 3.333300998406200089e-01
1.290650479341557979e-09 3.333300490165508889e-01
1.310937175465953479e-09 3.333299973935354155e-01
1.331542734883045572e-09 3.333299449591332619e-01
1.352472157971926732e-09 3.333298917006209394e-01
1.373730593912808639e-09 3.333298376048963174e-01
1.395323127803929753e-09 3.333297826590203572e-01
1.417255080036269314e-09 3.333297268494552212e-01
1.439531783221361796e-09 3.333296701626320968e-01
1.462158587964203843e-09 3.333296125849363190e-01
1.485141089658137625e-09 3.333295541021303321e-01
1.508484815697678447e-09 3.333294947001498865e-01
1.532195453746429352e-09 3.333294343645227253e-01
1.556278826228678949e-09 3.333293730804336996e-01
1.580740681437014755e-09 3.333293108332562871e-01
1.605587071615057957e-09 3.333292476075908062e-01
1.630824013078036704e-09 3.333291833881288357e-01
1.656457591585306640e-09 3.333291181593855956e-01
1.682494133106846376e-09 3.333290519052642398e-01
1.708939886687108374e-09 3.333289846098648757e-01
1.735801324559517381e-09 3.333289162567187325e-01
1.763085027890959044e-09 3.333288468290809825e-01
1.790797495303624054e-09 3.333287763104153534e-01
1.818945607059083096e-09 3.333287046832159595e-01
1.847536160957560477e-09 3.333286319301859146e-01
1.876576067973488785e-09 3.333285580337407294e-01
1.906072488854877571e-09 3.333284829756604228e-01
1.936032486614531847e-09 3.333284067379735371e-01
1.966463420081111454e-09 3.333283293019562166e-01
1.997372715549758191e-09 3.333282506487127428e-01
2.028767770357377188e-09 3.333281707594213383e-01
2.060656360615275669e-09 3.333280896142961636e-01
2.093046168288009126e-09 3.333280071937912981e-01
2.125945060466658908e-09 3.333279234778896427e-01
2.159361130368263440e-09 3.333278384459990584e-01
2.193302363633871053e-09 3.333277520778007985e-01
2.227777130952840689e-09 3.333276643519965665e-01
2.262793808926261264e-09 3.333275752472730225e-01
2.298360814810969298e-09 3.333274847422137421e-01
2.334486939593390568e-09 3.333273928144510068e-01
2.371180867582534078e-09 3.333272994418889357e-01
2.408451552992449911e-09 3.333272046017446422e-01
2.446308138147599318e-09 3.333271082707570110e-01
2.484759652809906796e-09 3.333270104259510314e-01
2.523815620979141970e-09 3.333269110430945870e-01
2.563485497377807699e-09 3.333268100981316429e-01
2.603778849730207106e-09 3.333267075667183943e-01
2.644705618066139399e-09 3.333266034235648489e-01
2.686275623260269397e-09 3.333264976436829952e-01
2.728499048866427082e-09 3.333263902011632807e-01
2.771386224731005329e-09 3.333262810697226741e-01
2.814947385157148928e-09 3.333261702233228929e-01
2.859193336847755635e-09 3.333260576344680981e-01
2.904134750434677047e-09 3.333259432760094509e-01
2.949782514746240693e-09 3.333258271202425016e-01
2.996147873434891132e-09 3.333257091385602999e-01
3.043241915466761764e-09 3.333255893027499694e-01
3.091076233361123513e-09 3.333254675833169367e-01
3.139662483521231950e-09 3.333253439506044247e-01
3.189012305321064533e-09 3.333252183749993436e-01
3.239137916782313618e-09 3.333250908254157818e-01
3.290051381166179672e-09 3.333249612711625676e-01
3.341765087020037151e-09 3.333248296807200806e-01
3.394291747987867454e-09 3.333246960217425281e-01
3.447643897196742290e-09 3.333245602623429171e-01
3.501834724034471724e-09 3.333244223689648678e-01
3.556877372686342135e-09 3.333242823081675743e-01
3.612785090798856022e-09 3.333241400462462756e-01
3.669571690386612696e-09 3.333239955480608585e-01
3.727250811081301681e-09 3.333238487789100257e-01
3.785836543264533760e-09 3.333236997029458970e-01
3.845343260855896937e-09 3.333235482835995023e-01
3.905785131237541638e-09 3.333233944848262298e-01
3.967177163536328753e-09 3.333232382684420125e-01
4.029534177568370499e-09 3.333230795967427884e-01
4.092871252298055122e-09 3.333229184313667992e-01
4.157204001421012860e-09 3.333227547325908202e-01
4.222547837577951429e-09 3.333225884612039946e-01
4.288918800068680953e-09 3.333224195764014630e-01
4.356333100736600764e-09 3.333222480369388840e-01
4.424806858011596998e-09 3.333220738018103924e-01
4.494357037367179469e-09 3.333218968278549577e-01
4.565000399964128462e-09 3.333217170724316336e-01
4.636754095468286675e-09 3.333215344919115974e-01
4.709635780104952368e-09 3.333213490413768909e-01
4.783662873704977291e-09 3.333211606765119073e-01
4.858853623965898446e-09 3.333209693508942806e-01
4.935226318947073394e-09 3.333207750179998929e-01
5.012799298371978359e-09 3.333205776311734536e-01
5.091591740802113823e-09 3.333203771416248240e-01
5.171622600091680124e-09 3.333201735011376288e-01
5.252911380592124994e-09 3.333199666600933364e-01
5.335478043751023183e-09 3.333197565677122332e-01
5.419342285952704203e-09 3.333195431738887327e-01
5.504524864290419647e-09 3.333193264258186295e-01
5.591046409285054536e-09 3.333191062710206265e-01
5.678927781262871932e-09 3.333188826564292828e-01
5.768190673880452318e-09 3.333186555268588536e-01
5.858856503085005138e-09 3.333184248278309725e-01
5.950947467322684478e-09 3.333181905028765324e-01
6.044486116507766873e-09 3.333179524946328076e-01
6.139494750497671692e-09 3.333177107463742850e-01
6.235996950378327838e-09 3.333174651981150594e-01
6.334015994470932031e-09 3.333172157906411082e-01
6.433575628130344961e-09 3.333169624635502482e-01
6.534700366158547158e-09 3.333167051544830839e-01
6.637414419844274542e-09 3.333164438018534348e-01
6.741743047547441813e-09 3.333161783414112511e-01
6.847711682150891030e-09 3.333159087084633376e-01
6.955345707265587491e-09 3.333156348384422873e-01
7.064671770075430592e-09 3.333153566635669307e-01
7.175716196102119543e-09 3.333150741168748876e-01
7.288505990635091712e-09 3.333147871296748277e-01
7.403068879962116091e-09 3.333144956314419982e-01
7.519432222986578119e-09 3.333141995525871759e-01
7.637624757803794575e-09 3.333138988200128883e-01
7.757675174296459053e-09 3.333135933607453416e-01
7.879612359427360661e-09 3.333132831013094211e-01
8.003466434856997649e-09 3.333129679650905786e-01
8.129267158692794231e-09 3.333126478763995815e-01
8.257045256372974435e-09 3.333123227570867209e-01
8.386832074059667613e-09 3.333119925274246054e-01
8.518658537004442895e-09 3.333116571087576530e-01
8.652557343108108291e-09 3.333113164179208887e-01
8.788560852952157932e-09 3.333109703726092610e-01
8.926701928501494400e-09 3.333106188892422383e-01
9.067014632283591157e-09 3.333102618811872864e-01
9.209532597155171338e-09 3.333098992629052182e-01
9.354290784932660930e-09 3.333095309454770505e-01
9.501324570072644566e-09 3.333091568389354720e-01
9.650669088978768202e-09 3.333087768539203521e-01
9.802361364486042732e-09 3.333083908962731767e-01
9.956437951360152693e-09 3.333079988730274223e-01
1.011293625180249735e-08 3.333076006890628440e-01
1.027189477184174341e-08 3.333071962464512206e-01
1.043335151312661457e-08 3.333067854485502468e-01
1.059734627370668788e-08 3.333063681941477729e-01
1.076391894346627349e-08 3.333059443818005563e-01
1.093310951624975587e-08 3.333055139098023423e-01
1.110495983762728431e-08 3.333050766717372548e-01
1.127951122769831862e-08 3.333046325625283468e-01
1.145680624874654334e-08 3.333041814739404751e-01
1.163688842713698455e-08 3.333037232952870688e-01
1.181980072338314882e-08 3.333032579173239585e-01
1.200558841450174297e-08 3.333027852249149103e-01
1.219429649242067152e-08 3.333023051036514972e-01
1.238597047374003118e-08 3.333018174377928022e-01
1.258065765901645845e-08 3.333013221070608156e-01
1.277840475217826383e-08 3.333008189926991438e-01
1.297926018944404729e-08 3.333003079715454176e-01
1.318327313861232681e-08 3.332997889185793650e-01
1.339049226306213317e-08 3.332992617100661303e-01
1.360096897645681903e-08 3.332987262152768970e-01
1.381475405437131881e-08 3.332981823051089920e-01
1.403189929356755786e-08 3.332976298478645960e-01
1.425245817135010448e-08 3.332970687075731964e-01
1.447648346863898761e-08 3.332964987500397491e-01
1.470403030977162544e-08 3.332959198351094776e-01
1.493515413974671554e-08 3.332953318218159211e-01
1.516991035402642726e-08 3.332947345693217378e-01
1.540835706876692838e-08 3.332941279298715642e-01
1.565055166284411231e-08 3.332935117575894779e-01
1.589655309677413606e-08 3.332928859025792723e-01
1.614642181810000212e-08 3.332922502111658747e-01
1.640021747954340271e-08 3.332916045316997589e-01
1.665800281594032320e-08 3.332909487046949448e-01
1.691984034976892200e-08 3.332902825712100170e-01
1.718579313617705285e-08 3.332896059709526404e-01
1.745592686780880976e-08 3.332889187369250661e-01
1.773030638917570212e-08 3.332882207042924261e-01
1.800899881348616637e-08 3.332875117024523548e-01
1.829207245733078896e-08 3.332867915577470419e-01
1.857959475784078279e-08 3.332860600987603839e-01
1.887163709672365370e-08 3.332853171440470774e-01
1.916826997435088285e-08 3.332845625144092994e-01
1.946956516797909602e-08 3.332837960274067646e-01
1.977559693361029059e-08 3.332830174942992829e-01
2.008643854979136387e-08 3.332822267288386708e-01
2.040216641501237827e-08 3.332814235368469213e-01
2.072285755349388494e-08 3.332806077225602404e-01
2.104858874128230301e-08 3.332797790908531010e-01
2.137944066048486969e-08 3.332789374366699753e-01
2.171549297894171327e-08 3.332780825575425432e-01
2.205682741898824676e-08 3.332772142457837150e-01
2.240352789708765591e-08 3.332763322881323598e-01
2.275567723010915104e-08 3.332754364741318809e-01
2.311336238456980556e-08 3.332745265827786740e-01
2.347667019541926548e-08 3.332736023934109726e-01
2.384568807518506677e-08 3.332726636839071777e-01
2.422050721953275914e-08 3.332717102225310479e-01
2.460121764806791830e-08 3.332707417805461647e-01
2.498791240604594947e-08 3.332697581215297022e-01
2.538068633713322133e-08 3.332687590044940973e-01
2.577963301842453696e-08 3.332677441916828687e-01
2.618485145989107737e-08 3.332667134315304702e-01
2.659643954438111997e-08 3.332656664753491094e-01
2.701449680940638602e-08 3.332646030702534068e-01
2.743912631855486282e-08 3.332635229543993716e-01
2.787042978511712698e-08 3.332624258693899222e-01
2.830851315822508868e-08 3.332613115460656417e-01
2.875348337164753882e-08 3.332601797127747179e-01
2.920544690669533651e-08 3.332590300990293519e-01
2.966451574660581153e-08 3.332578624203598738e-01
3.013080045828484947e-08 3.332566763959137202e-01
3.060441439549729894e-08 3.332554717377632092e-01
3.108547402753993523e-08 3.332542481500705422e-01
3.157409428105772674e-08 3.332530053409377135e-01
3.207039580324966746e-08 3.332517430039309003e-01
3.257449910843758272e-08 3.332504608329709961e-01
3.308652547587684878e-08 3.332491585200494377e-01
3.360660145722841104e-08 3.332478357437645977e-01
3.413485196836026223e-08 3.332464921868932284e-01
3.467140610999728369e-08 3.332451275215861930e-01
3.521639550173459890e-08 3.332437414136066312e-01
3.576994997194782319e-08 3.332423335332928005e-01
3.633220693208929277e-08 3.332409035317162038e-01
3.690330217978099601e-08 3.332394510640739327e-01
3.748337386323616673e-08 3.332379757796053443e-01
3.807256498537773955e-08 3.332364773152253212e-01
3.867101666041014295e-08 3.332349553126743857e-01
3.927887595567261260e-08 3.332334093985762080e-01
3.989629119461415644e-08 3.332318391963843274e-01
4.052341019991295416e-08 3.332302443308498008e-01
4.116038833378178722e-08 3.332286244075758908e-01
4.180737897132167806e-08 3.332269790372449636e-01
4.246453950185842390e-08 3.332253078203582519e-01
4.313203149699130636e-08 3.332236103468092514e-01
4.381001436574386788e-08 3.332218862120200908e-01
4.449865565184455375e-08 3.332201349907552013e-01
4.519812244687707121e-08 3.332183562589602910e-01
4.590858319348984754e-08 3.332165495891771800e-01
4.663021342766786785e-08 3.332147145359417029e-01
4.736318638274444186e-08 3.332128506596797601e-01
4.810768141132270373e-08 3.332109575052910611e-01
4.886388097786547907e-08 3.332090346097986155e-01
4.963196534651101045e-08 3.332070815158569288e-01
5.041212521076142314e-08 3.332050977396397440e-01
5.120454882164935086e-08 3.332030828035703607e-01
5.200942816618760302e-08 3.332010362206136445e-01
5.282696154615166195e-08 3.331989574877194937e-01
5.365734460896957861e-08 3.331968461086307065e-01
5.450078176799463448e-08 3.331947015648457633e-01
5.535747849552520367e-08 3.331925233352169280e-01
5.622764029540379586e-08 3.331903108985644346e-01
5.711148258193474532e-08 3.331880637085590791e-01
5.800921794917185258e-08 3.331857812260930474e-01
5.892106526160162544e-08 3.331834628961684586e-01
5.984724850915403854e-08 3.331811081508103123e-01
6.078798862688418496e-08 3.331787164298660731e-01
6.174351864173231633e-08 3.331762871424983063e-01
6.271406987219911712e-08 3.331738197022720560e-01
6.369987664961818918e-08 3.331713135151545546e-01
6.470118227065083944e-08 3.331687679643831057e-01
6.571822680032240795e-08 3.331661824414765549e-01
6.675125979101212023e-08 3.331635563139011547e-01
6.780053374090949902e-08 3.331608889417047581e-01
6.886629954905456705e-08 3.331581796890709102e-01
6.994882147620476752e-08 3.331554278862910445e-01
7.104836033774313569e-08 3.331526328724908614e-01
7.216518339502495884e-08 3.331497939704888833e-01
7.329956542232398181e-08 3.331469104840865114e-01
7.445177743713945899e-08 3.331439817267193293e-01
7.562210406717658876e-08 3.331410069773122484e-01
7.681082944807325625e-08 3.331379855161312187e-01
7.801823981623715628e-08 3.331349166181933330e-01
7.924463359085528163e-08 3.331317995276450450e-01
8.049030519629028632e-08 3.331286334988847742e-01
8.175555954562867013e-08 3.331254177597521293e-01
8.304070667618867936e-08 3.331221515251673870e-01
8.434605317342823576e-08 3.331188340189314423e-01
8.567192310592692256e-08 3.331154644205214232e-01
8.701863629001298664e-08 3.331120419203367211e-01
8.838651939670168508e-08 3.331085656914730686e-01
8.977590935522352586e-08 3.331050348810785655e-01
9.118713845112077993e-08 3.331014486482273829e-01
9.262055469172071087e-08 3.330978061121698808e-01
9.407650673550182677e-08 3.330941063906356359e-01
9.555534459795148888e-08 3.330903485980431511e-01
9.705743412451717136e-08 3.330865318087274374e-01
9.858313622391978407e-08 3.330826551097150756e-01
1.001328238550881186e-07 3.330787175575638526e-01
1.017068773066870614e-07 3.330747181903636056e-01
1.033056716299704807e-07 3.330706560596727872e-01
1.049296040385085332e-07 3.330665301609047613e-01
1.065790664862266031e-07 3.330623395030092859e-01
1.082544587201280672e-07 3.330580830753114840e-01
1.099561936623585433e-07 3.330537598338466077e-01
1.116846784975863355e-07 3.330493687494140986e-01
1.134403392002251430e-07 3.330449087452720947e-01
1.152236031353463383e-07 3.330403787413462879e-01
1.170348988160476244e-07 3.330357776548521498e-01
1.188746745163627785e-07 3.330311043530200243e-01
1.207433723787876919e-07 3.330263577188748991e-01
1.226414491562369281e-07 3.330215365985566001e-01
1.245693707369283528e-07 3.330166398152339391e-01
1.265275965568313036e-07 3.330116662087053148e-01
1.285166131931141526e-07 3.330066145500816810e-01
1.305369006834766100e-07 3.330014836273406109e-01
1.325889488794122576e-07 3.329962722037985712e-01
1.346732635313173034e-07 3.329909790026677197e-01
1.367903432424233403e-07 3.329856027655925810e-01
1.389407101770502744e-07 3.329801421746739210e-01
1.411248874304906006e-07 3.329745959099496000e-01
1.433434004292993631e-07 3.329689626458450791e-01
1.455967980692604400e-07 3.329632409975114005e-01
1.478856215959142870e-07 3.329574295998534716e-01
1.502104312670659097e-07 3.329515270398417659e-01
1.525717969763848301e-07 3.329455318803322128e-01
1.549702824460493313e-07 3.329394427002095314e-01
1.574064833154130783e-07 3.329332579976998496e-01
1.598809870141461450e-07 3.329269762922565379e-01
1.623943948188871985e-07 3.329205960685758803e-01
1.649473257224326428e-07 3.329141157667911965e-01
1.675403897319317163e-07 3.329075338502665016e-01
1.701742280533124975e-07 3.329008487036081987e-01
1.728494798429222752e-07 3.328940587170753362e-01
1.755667905478851622e-07 3.328871622654211992e-01
1.783268317443318452e-07 3.328801576575624588e-01
1.811302653540479827e-07 3.328730432274102924e-01
1.839777799146234240e-07 3.328658172418377248e-01
1.868700712483292793e-07 3.328584779497575363e-01
1.898078324353582596e-07 3.328510236075797324e-01
1.927917919751011853e-07 3.328434523823982083e-01
1.958226679932655911e-07 3.328357624682045657e-01
1.989012000725345544e-07 3.328279520051420914e-01
2.020281450928958346e-07 3.328200190900825750e-01
2.052042485660619695e-07 3.328119618493694531e-01
2.084302995574766337e-07 3.328037782995069693e-01
2.117070773623335559e-07 3.327954664824592790e-01
2.150353766704941620e-07 3.327870244018307777e-01
2.184160183140067082e-07 3.327784499956339404e-01
2.218498108856698691e-07 3.327697412336610983e-01
2.253376025229378010e-07 3.327608959861708127e-01
2.288802408544373312e-07 3.327519121254998713e-01
2.324785800908993260e-07 3.327427875081004904e-01
2.361335102630311906e-07 3.327335199004291533e-01
2.398459081793662671e-07 3.327241071033308351e-01
2.436166858337552814e-07 3.327145468293246644e-01
2.474467647695096031e-07 3.327048367676387342e-01
2.513370635475676908e-07 3.326949746160052235e-01
2.552885470425063120e-07 3.326849579557224490e-01
2.593021658108931395e-07 3.326747844053935532e-01
2.633789009265636236e-07 3.326644515073022279e-01
2.675197538191961160e-07 3.326539567532117991e-01
2.717257127060142120e-07 3.326432976694752019e-01
2.759978233660329804e-07 3.326324716377030977e-01
2.803371160479631362e-07 3.326214760800437209e-01
2.847446466487998275e-07 3.326103083548609396e-01
2.892215011147854420e-07 3.325989657456334125e-01
2.937687483475293869e-07 3.325874455803143892e-01
2.983875163436533396e-07 3.325757450384692615e-01
3.030789231710407763e-07 3.325638613261948651e-01
3.078441058313859167e-07 3.325517916030394372e-01
3.126842409150413215e-07 3.325395329297370917e-01
3.176004864647299216e-07 3.325270824155071581e-01
3.225940576251460278e-07 3.325144370265045168e-01
3.276661678198939994e-07 3.325015937348528849e-01
3.328180420967504090e-07 3.324885494848903722e-01
3.380509549113726759e-07 3.324753010975631806e-01
3.433661604962583169e-07 3.324618454467788697e-01
3.487649686664855746e-07 3.324481792675450520e-01
3.542486955299142045e-07 3.324342992808184127e-01
3.598186618163019718e-07 3.324202021977836208e-01
3.654762475992567577e-07 3.324058845814213403e-01
3.712228108653989911e-07 3.323913430526673762e-01
3.770597643715736145e-07 3.323765740959737092e-01
3.829885346741979849e-07 3.323615741630704390e-01
3.890105466380503672e-07 3.323463397122160545e-01
3.951272942570496141e-07 3.323308670291098554e-01
4.013402473300277153e-07 3.323151524630598153e-01
4.076509307166130206e-07 3.322991922265725595e-01
4.140608896351665405e-07 3.322829824832259638e-01
4.205716624194501931e-07 3.322665194166348757e-01
4.271848658632431031e-07 3.322497990147321167e-01
4.339020901947674429e-07 3.322328173354273662e-01
4.407249825221517779e-07 3.322155702957106382e-01
4.476552153454526795e-07 3.321980537513743448e-01
4.546944508497365701e-07 3.321802635873506437e-01
4.618444381023656954e-07 3.321621954721580283e-01
4.691068969281213830e-07 3.321438451514941437e-01
4.764836079671868976e-07 3.321252082207498124e-01
4.839763800200938656e-07 3.321062802076593101e-01
4.915870106674646919e-07 3.320870566718810424e-01
4.993173913563908191e-07 3.320675329396710063e-01
5.071693812576869961e-07 3.320477044226321506e-01
5.151449070767385430e-07 3.320275663657438758e-01
5.232459233462770853e-07 3.320071139477940303e-01
5.314743758885481715e-07 3.319863423737415276e-01
5.398323092902966094e-07 3.319652466035390992e-01
5.483217324072399534e-07 3.319438216917953155e-01
5.569447320001908695e-07 3.319220625010847470e-01
5.657034180999839288e-07 3.318999638400156882e-01
5.745998991231262191e-07 3.318775205261457750e-01
5.836363842224350499e-07 3.318547271279386202e-01
5.928150428826174350e-07 3.318315783191273516e-01
6.021381375488828380e-07 3.318080685443370870e-01
6.116079438085533106e-07 3.317841922206012928e-01
6.212267487453771554e-07 3.317599437416570152e-01
6.309969381900670819e-07 3.317353172581844478e-01
6.409208537875935964e-07 3.317103070383131680e-01
6.510009511937985457e-07 3.316849070690760515e-01
6.612396818175861294e-07 3.316591113546843439e-01
6.716395294474271381e-07 3.316329138244060726e-01
6.822030693802395716e-07 3.316063081838633297e-01
6.929328275687694251e-07 3.315792882700384636e-01
7.038314725394397776e-07 3.315518475681539790e-01
7.149016419154853321e-07 3.315239796488024249e-01
7.261460364745487737e-07 3.314956779313262825e-01
7.375674311109573503e-07 3.314669356565393965e-01
7.491685588339185888e-07 3.314377461789093648e-01
7.609523131328967371e-07 3.314081024576108758e-01
7.729215315938142578e-07 3.313779976012700690e-01
7.850791548149977257e-07 3.313474244684354586e-01
7.974281632896991061e-07 3.313163758266931547e-01
8.099715348590860661e-07 3.312848444599094666e-01
8.227123884151503490e-07 3.312528228072992298e-01
8.356537799001447110e-07 3.312203034765514587e-01
8.487989155396569846e-07 3.311872787082408287e-01
8.621509919268633366e-07 3.311537407780718589e-01
8.757132584364778354e-07 3.311196818403682185e-01
8.894890731456382942e-07 3.310850937880625011e-01
9.034817289776110262e-07 3.310499686896109517e-01
9.176947225276660933e-07 3.310142981144745811e-01
9.321314780609587220e-07 3.309780738263976563e-01
9.467955467405899406e-07 3.309412872837563246e-01
9.616905225472662585e-07 3.309039298510478289e-01
9.768200074613845177e-07 3.308659928866022337e-01
9.921877640795589274e-07 3.308274673603550653e-01
1.007797472886792515e-06 3.307883444629098335e-01
1.023653021191745798e-06 3.307486148817095906e-01
1.039758248388953015e-06 3.307082694400590994e-01
1.056117101198157669e-06 3.306672987085721438e-01
1.072733606640335364e-06 3.306256930735091970e-01
1.089611772011495769e-06 3.305834429877516079e-01
1.106755804553975130e-06 3.305405384214312181e-01
1.124169815881201043e-06 3.304969696023807302e-01
1.141858138104006333e-06 3.304527262255975706e-01
1.159825062035346855e-06 3.304077981089476035e-01
1.178074991004798455e-06 3.303621748089745069e-01
1.196612420388600779e-06 3.303158456728717551e-01
1.215441826496362726e-06 3.302688001168300191e-01
1.234567905485872862e-06 3.302210270297530892e-01
1.253995241140298277e-06 3.301725156039869158e-01
1.273728681205503683e-06 3.301232543960722077e-01
1.293773001357970316e-06 3.300732321666968727e-01
1.314133135566953316e-06 3.300224373063186389e-01
1.334814081157278196e-06 3.299708580730443264e-01
1.355820860922701653e-06 3.299184826878732713e-01
1.377158701118966973e-06 3.298652988917912809e-01
1.398832716152577043e-06 3.298112947326916067e-01
1.420848339555635539e-06 3.297564574922063341e-01
1.443210867571359866e-06 3.297007748239265679e-01
1.465925855001650970e-06 3.296442337683060941e-01
1.488998831172079773e-06 3.295868214610582769e-01
1.512435459913364628e-06 3.295285247358500369e-01
1.536241516286552984e-06 3.294693301834510923e-01
1.560422777134431177e-06 3.294092244249466894e-01
1.584985270672303181e-06 3.293481934924317178e-01
1.609934891028246932e-06 3.292862237881516441e-01
1.635277901457972740e-06 3.292233008354847335e-01
1.661020394823565403e-06 3.291594106202737624e-01
1.687168791984428568e-06 3.290945383546092784e-01
1.713729439508774320e-06 3.290286694767331488e-01
1.740708898607452220e-06 3.289617889354486957e-01
1.768113784371668406e-06 3.288938815903764690e-01
1.795950804289447771e-06 3.288249321177822981e-01
1.824226849193141434e-06 3.287549247868881697e-01
1.852948779244324639e-06 3.286838439913539744e-01
1.882123768185177686e-06 3.286116733987348160e-01
1.911758835754025259e-06 3.285383971091315747e-01
1.941861432361710020e-06 3.284639982107085965e-01
1.972438784840981355e-06 3.283884603990905315e-01
2.003498572457383678e-06 3.283117663083877091e-01
2.035048294803772070e-06 3.282338990746925811e-01
2.067095823229309887e-06 3.281548409762444773e-01
2.099648951709050848e-06 3.280745745440280525e-01
2.132715753062314310e-06 3.279930816849099817e-01
2.166304321927826146e-06 3.279103443176151766e-01
2.200422942683373196e-06 3.278263439609043206e-01
2.235080016732233227e-06 3.277410619150425419e-01
2.270284050871724856e-06 3.276544792925813465e-01
2.306043759102178483e-06 3.275665767703198061e-01
2.342367882344168091e-06 3.274773350349901024e-01
2.379265452747228182e-06 3.273867341361705874e-01
2.416745457941850791e-06 3.272947543135982240e-01
2.454817253453357016e-06 3.272013749872629829e-01
2.493490087187470064e-06 3.271065759269742301e-01
2.532773642869064291e-06 3.270103359223708317e-01
2.572677443283624715e-06 3.269126342485411119e-01
2.613211504743134657e-06 3.268134490657254032e-01
2.654385640642391429e-06 3.267127591274776588e-01
2.696210203770824092e-06 3.266105419674834032e-01
2.738695315067349897e-06 3.265067757887846756e-01
2.781851667113079855e-06 3.264014375034711701e-01
2.825689706628822899e-06 3.262945047327496795e-01
2.870220468679764043e-06 3.261859537743276860e-01
2.915454745390245368e-06 3.260757616337705556e-01
2.961403916286847230e-06 3.259639040041303337e-01
3.008079140036401430e-06 3.258503572387816960e-01
3.055492141798350983e-06 3.257350964386111491e-01
3.103654469534357869e-06 3.256180972653491268e-01
3.152578194332866151e-06 3.254993342431664605e-01
3.202275277949007057e-06 3.253787822995424239e-01
3.252758136696848691e-06 3.252564154006739594e-01
3.304039172496294655e-06 3.251322076938050198e-01
3.356131145105701395e-06 3.250061326094108582e-01
3.409046924984077646e-06 3.248781634649086092e-01
3.462799612350344666e-06 3.247482731811420775e-01
3.517402576747105941e-06 3.246164341921947138e-01
3.572869254536839090e-06 3.244826189395508265e-01
3.629213547205064592e-06 3.243467989162873710e-01
3.686449221504210879e-06 3.242089461192562694e-01
3.744590746201336557e-06 3.240690310384039541e-01
3.803652211086679498e-06 3.239270252655437332e-01
3.863648623035772357e-06 3.237828983818892281e-01
3.924594587356192213e-06 3.236366211350253930e-01
3.986505467249693774e-06 3.234881626593398285e-01
4.049396502976519668e-06 3.233374925974892289e-01
4.113283379978056264e-06 3.231845797438933077e-01
4.178182025862347716e-06 3.230293925390697041e-01
4.244108434900725990e-06 3.228718994956900068e-01
4.311079270259861748e-06 3.227120677670838322e-01
4.379110819253758890e-06 3.225498656492124527e-01
4.448220402079218895e-06 3.223852592270577411e-01
4.518424971877448064e-06 3.222182157210353171e-01
4.589742148414317140e-06 3.220487010315963849e-01
4.662189726191448311e-06 3.218766809197024514e-01
4.735785596364011869e-06 3.217021211991563101e-01
4.810548402953915766e-06 3.215249861890199790e-01
4.886496449377627476e-06 3.213452413151065001e-01
4.963648989526127679e-06 3.211628500604202241e-01
5.042025185393777520e-06 3.209777764433077718e-01
5.121644525559209310e-06 3.207899840354073717e-01
5.202527163085001575e-06 3.205994351762638250e-01
5.284692954269929969e-06 3.204060932490085944e-01
5.368162761379207788e-06 3.202099196223167632e-01
5.452957408135478480e-06 3.200108761212433484e-01
5.539097935824593207e-06 3.198089244329577197e-01
5.626606227268588517e-06 3.196040246562208420e-01
5.715503934253980113e-06 3.193961378270875340e-01
5.805813457371067736e-06 3.191852236352669681e-01
5.897557607842343070e-06 3.189712412306163203e-01
5.990759003112293627e-06 3.187541506434411476e-01
6.085441401753910088e-06 3.185339096855481777e-01
6.181628580581169789e-06 3.183104765822312721e-01
6.279344352164323667e-06 3.180838099394850960e-01
6.378613683460809626e-06 3.178538661627990369e-01
6.479461458770916153e-06 3.176206023432654457e-01
6.581912779909947500e-06 3.173839755713687150e-01
6.685993806254789839e-06 3.171439410127463443e-01
6.791730682103698685e-06 3.169004544027745895e-01
6.899149760705685830e-06 3.166534715400010080e-01
7.008278507366456473e-06 3.164029462266044757e-01
7.119144453718095423e-06 3.161488326919642544e-01
7.231775149672168403e-06 3.158910857125860616e-01
7.346199493617371641e-06 3.156296575845904395e-01
7.462446409838115397e-06 3.153645011721695202e-01
7.580544983299171091e-06 3.150955696107100579e-01
7.700525275193422197e-06 3.148228144666881390e-01
7.822417805376727175e-06 3.145461869395632104e-01
7.946253381805718733e-06 3.142656382665145465e-01
8.072063103257081130e-06 3.139811197317541880e-01
8.199879257121572601e-06 3.136925806572229414e-01
8.329734290242617905e-06 3.133999707537128421e-01
8.461661018023167689e-06 3.131032396644301552e-01
8.595692871149197869e-06 3.128023364294442166e-01
8.731864210606051833e-06 3.124972088036836460e-01
8.870209695358297818e-06 3.121878047000267720e-01
9.010764456760777047e-06 3.118740718173472204e-01
9.153564102626672588e-06 3.115559576522980989e-01
9.298645373831142984e-06 3.112334080620602905e-01
9.446045300526451584e-06 3.109063691706326904e-01
9.595801531847632050e-06 3.105747866568937532e-01
9.747952110165007753e-06 3.102386062777886533e-01
9.902536031502026686e-06 3.098977726537923694e-01
1.005959303039774435e-05 3.095522297748150020e-01
1.021916334375497999e-05 3.092019215463823745e-01
1.038128788419425570e-05 3.088467914331037290e-01
1.054600821912447125e-05 3.084867825313981071e-01
1.071336636438575591e-05 3.081218380455800765e-01
1.088340565541272753e-05 3.077518994162192767e-01
1.105616983097419817e-05 3.073769083501116661e-01
1.123170336806375862e-05 3.069968061164384809e-01
1.141005149514084480e-05 3.066115335471421011e-01
1.159126020562955284e-05 3.062210310371594746e-01
1.177537627168381558e-05 3.058252385444776289e-01
1.196244706940862011e-05 3.054240959943652078e-01
1.215252110083135437e-05 3.050175421893975836e-01
1.234564763142994767e-05 3.046055156208960502e-01
1.254187669267666824e-05 3.041879544926724965e-01
1.274125916791476349e-05 3.037647965679715067e-01
1.294384680787163134e-05 3.033359791677552320e-01
1.314969224649181920e-05 3.029014391685449503e-01
1.335884901708972889e-05 3.024611129997846204e-01
1.357137156881691963e-05 3.020149366407049452e-01
1.378731528350122303e-05 3.015628456165251325e-01
1.400673649278128106e-05 3.011047749941135332e-01
1.422969249565380259e-05 3.006406593768128355e-01
1.445624157633021729e-05 3.001704328985996817e-01
1.468644302248952078e-05 2.996940292173376208e-01
1.492035714392251669e-05 2.992113815070811533e-01
1.515804529152965949e-05 2.987224224494412494e-01
1.539956987676072993e-05 2.982270842237629283e-01
1.564499439142023063e-05 2.977252984961986648e-01
1.589438342793413159e-05 2.972169964074005688e-01
1.614780270000251892e-05 2.967021085589000573e-01
1.640531906372875886e-05 2.961805649978985211e-01
1.666700053918272384e-05 2.956522952004561056e-01
1.693291633242570909e-05 2.951172280529167358e-01
1.720313685800818336e-05 2.945752918314316071e-01
1.747773343763987794e-05 2.940264148266019117e-01
1.775677912216911547e-05 2.934705237197867134e-01
1.804034820709956444e-05 2.929075445797503230e-01
1.832851617278526788e-05 2.923374029984589506e-01
1.862135982800664803e-05 2.917600238213945429e-01
1.891895733558098113e-05 2.911753311122349253e-01
1.922138790429688384e-05 2.905832487675886200e-01
1.952873231350283064e-05 2.899836994940330204e-01
1.984107337385628545e-05 2.893766039274724422e-01
2.015849492805890650e-05 2.887618825907052877e-01
2.048108230956488751e-05 2.881394549964592655e-01
2.080892126735450203e-05 2.875092417087688479e-01
2.114210120878822570e-05 2.868711580989803944e-01
2.148071211941455786e-05 2.862251202780399240e-01
2.182484502455503918e-05 2.855710441711891145e-01
2.217459284566970283e-05 2.849088438606691143e-01
2.253005125981116701e-05 2.842384299539159609e-01
2.289131631007639960e-05 2.835597140752948442e-01
2.325848577811519228e-05 2.828726062192801760e-01
2.363166082485824811e-05 2.821770116576881038e-01
2.401094216132513857e-05 2.814728380471648861e-01
2.439643401485359558e-05 2.807599879719465119e-01
2.478824231249556623e-05 2.800383622832181563e-01
2.518647325339650250e-05 2.793078626362312522e-01
2.559123809264469328e-05 2.785683826287716491e-01
2.600264601286709780e-05 2.778198207724726920e-01
2.642081276074667909e-05 2.770620646262112463e-01
2.684585169798943223e-05 2.762950069731542890e-01
2.727788262661736890e-05 2.755185297074408401e-01
2.771702296862958118e-05 2.747325196178412310e-01
2.816339708748265093e-05 2.739368514949885314e-01
2.861712712828376804e-05 2.731314043750258103e-01
2.907834115417801235e-05 2.723160468498290188e-01
2.954716758244644155e-05 2.714906467878471230e-01
3.002373697124598913e-05 2.706550679322516362e-01
3.050818442116026171e-05 2.698091654870011791e-01
3.100064496495500696e-05 2.689527939542239454e-01
3.150125746060764503e-05 2.680858000565923271e-01
3.201016412317575017e-05 2.672080233103657498e-01
3.252750866833825367e-05 2.663192989343842187e-01
3.305343649429819521e-05 2.654194571763780486e-01
3.358809852827066353e-05 2.645083163892351652e-01
3.413164700765709537e-05 2.635856898987863906e-01
3.468423706221479048e-05 2.626513828828340724e-01
3.524602650806737573e-05 2.617051922893304794e-01
3.581717601253720662e-05 2.607469060936397076e-01
3.639785061865261973e-05 2.597763002602965776e-01
3.698821768965989657e-05 2.587931416767366710e-01
3.758844781802242392e-05 2.577971860634988843e-01
3.819871489857799444e-05 2.567881772586044775e-01
3.881919620378341314e-05 2.557658464602891590e-01
3.945007246122325694e-05 2.547299114259265473e-01
4.009152793337727799e-05 2.536800756252410860e-01
4.074375049980914895e-05 2.526160273455932415e-01
4.140693174186819243e-05 2.515374387472020246e-01
4.208126702994648003e-05 2.504439648662329931e-01
4.276695561352597660e-05 2.493352425633559022e-01
4.346419976065620710e-05 2.482108909511048234e-01
4.417320693307761242e-05 2.470705068676150862e-01
4.489418905830504990e-05 2.459136649975899591e-01
4.562736184320049880e-05 2.447399178473448345e-01
4.637294483688292248e-05 2.435487944477179867e-01
4.713116073431578359e-05 2.423398002065688950e-01
4.790224071105793471e-05 2.411124070956550403e-01
4.868641785578148480e-05 2.398660627545545487e-01
4.948392838696581502e-05 2.386001870846751471e-01
5.029501872085942899e-05 2.373141595286993588e-01
5.111993368433071357e-05 2.360073362019995680e-01
5.195892971732305919e-05 2.346790273168396779e-01
5.281226261195975442e-05 2.333285149055205621e-01
5.368019965169483585e-05 2.319550318296792202e-01
5.456300619628348252e-05 2.305577811838153413e-01
5.546096150678016105e-05 2.291359093617037213e-01
5.637434510630565343e-05 2.276885256995731244e-01
5.730344304387865317e-05 2.262146905782488338e-01
5.824855072564762344e-05 2.247134088937560448e-01
5.920996757120364787e-05 2.231836364652409754e-01
6.018799888353631484e-05 2.216242749978452886e-01
6.118295702800390795e-05 2.200341681217236889e-01
6.219516313004514038e-05 2.184120965855944063e-01
6.322494403446177137e-05 2.167567810582726184e-01
6.427263395472177746e-05 2.150668775003520272e-01
6.533857469897215767e-05 2.133409748818410612e-01
6.642311590630736295e-05 2.115775929953273848e-01
6.752661529391740974e-05 2.097751804023077482e-01
6.864943891576717489e-05 2.079321125570517403e-01
6.979195879489041594e-05 2.060466945265863603e-01
7.095456025445719193e-05 2.041171480333560939e-01
7.213763612308526842e-05 2.021416204542580142e-01
7.334158740129202356e-05 2.001181837576909983e-01
7.456682272676921637e-05 1.980448360421255272e-01
7.581376794172425002e-05 1.959194865559452381e-01
7.708284939050844063e-05 1.937399861138782431e-01
7.837451480609517894e-05 1.915040945136454176e-01
7.968921123201265066e-05 1.892095227095074161e-01
8.102740884151895726e-05 1.868538971607837107e-01
8.238958262419318048e-05 1.844347988235391089e-01
8.377621861653515871e-05 1.819497615883770292e-01
8.518782157999545167e-05 1.793962697672220052e-01
8.662490593202285590e-05 1.767717881430768412e-01
8.808799997041585059e-05 1.740737713915522233e-01
8.957764642761456152e-05 1.712996834987933481e-01
9.109440305448702200e-05 1.684470212089975161e-01
9.263884323502434375e-05 1.655133421609794320e-01
9.421155663333338954e-05 1.624962984742081007e-01
9.581314655926157907e-05 1.593936831132007903e-01
9.744423710753556157e-05 1.562034648165089301e-01
9.910547291144285566e-05 1.529238455160782384e-01
1.007975062386147935e-04 1.495533530939773259e-01
1.025210245914207540e-04 1.460908652342629843e-01
1.042767211368464479e-04 1.425357599591777769e-01
1.060653193134605419e-04 1.388879732291565250e-01
1.078875623609403997e-04 1.351481439925022177e-01
1.097442148886485945e-04 1.313177550593321308e-01
1.116360656221488550e-04 1.273992940124424322e-01
1.135639283871579320e-04 1.233964433110872339e-01
1.155286431109821206e-04 1.193142993401943713e-01
1.175310768328198069e-04 1.151596240169908136e-01
1.195721168935133148e-04 1.109411488449297267e-01
1.216526915029942496e-04 1.066698623466830476e-01
1.237737449948609226e-04 1.023594348092499995e-01
1.259362625280045658e-04 9.802658805329439451e-02
1.281412524642271415e-04 9.369160095117005926e-02
1.303897548363139661e-04 8.937881120170640403e-02
1.326828418364914817e-04 8.511718168289937603e-02
1.350216180946373827e-04 8.094091010333237524e-02
1.374072206872473741e-04 7.689007156778063234e-02
1.398408165396619379e-04 7.301127986039226969e-02
1.423235954419203246e-04 6.935834003247787205e-02
1.448567863787179855e-04 6.599281123411279704e-02
1.474416389254886610e-04 6.298451011534271504e-02
1.500794250529499337e-04 6.041178650966482627e-02
1.527714379363746692e-04 5.836150479567771970e-02
1.555189875520424992e-04 5.692859233008067815e-02
1.583233905494309116e-04 5.621498246392982873e-02
1.611859653937772034e-04 5.632774377300481250e-02
1.641080284559013670e-04 5.737618237505376362e-02
1.670908819118072553e-04 5.946768804188748425e-02
1.701358007323090142e-04 6.270211736730443852e-02
1.732440267672430412e-04 6.716460625960977981e-02
1.764167578106955018e-04 7.291683864380545110e-02
1.796551283241309711e-04 7.998701983805886484e-02
1.829602157030729671e-04 8.835922442511705277e-02
1.863330152905720105e-04 9.796301017634258257e-02
1.897744535544211282e-04 1.086648807288338320e-01
1.932853715031229594e-04 1.202632005367746254e-01
1.968665381930474691e-04 1.324886144576898073e-01
2.005186615176313700e-04 1.450115156785298509e-01
2.042424050647084061e-04 1.574574609744582021e-01
2.080384105946767373e-04 1.694301687268420786e-01
2.119073249734703909e-04 1.805401814779289682e-01
2.158498297270910701e-04 1.904357762585886515e-01
2.198666709219926439e-04 1.988317254877172147e-01
2.239586855676928246e-04 2.055314474316320694e-01
2.281268215195050018e-04 2.104390969889085028e-01
2.323721733691370029e-04 2.135600308313497231e-01
2.366959720575880508e-04 2.149902084337493580e-01
2.410995957424952557e-04 2.148971989096451762e-01
2.455845673558820275e-04 2.134964703480832782e-01
2.501525401840201408e-04 2.110269113941939390e-01
2.548053078651051919e-04 2.077288540662353966e-01
2.595447737757317010e-04 2.038267845796625233e-01
2.643729430426396067e-04 1.995176351585414565e-01
2.692919120817637469e-04 1.949645382599520804e-01
2.743038559825519761e-04 1.902952317811597294e-01
2.794110199368919525e-04 1.856039619365148219e-01
2.846157307890797477e-04 1.809556718576014467e-01
2.899203719772832743e-04 1.763914568288997564e-01
2.953273817978873186e-04 1.719343624793578107e-01
3.008392625495499829e-04 1.675948904256348848e-01
3.064585942706757587e-04 1.633757620364031937e-01
3.121879896393028636e-04 1.592756851820709141e-01
3.180301602336331273e-04 1.552918196987870814e-01
3.239878513583323836e-04 1.514210421145900654e-01
3.300639099384539729e-04 1.476598194443003997e-01
3.362612197169505507e-04 1.440029343230037617e-01
3.425827611421203268e-04 1.404410030907705109e-01
3.490315862160179206e-04 1.369570678305359612e-01
3.556108220929055422e-04 1.335223733186968187e-01
3.623236828150223042e-04 1.300915845392515147e-01
3.691734781426863439e-04 1.265978016077565771e-01
3.761636261035208048e-04 1.229479313722954964e-01
3.832976703975475878e-04 1.190193474484608077e-01
3.905792819980904084e-04 1.146593540363394226e-01
3.980123418131741703e-04 1.096896615257087343e-01
4.056009152034681245e-04 1.039190718995387369e-01
4.133493471084420082e-04 9.716784678407881792e-02
4.212622565856756051e-04 8.930705583612129350e-02
4.293446275084848046e-04 8.031343753243171124e-02
4.376018174472207263e-04 7.033509444558626311e-02
4.460395468163333866e-04 5.975437687852595825e-02
4.546638976644399124e-04 4.922408336980601401e-02
4.634812037857894752e-04 3.964678011789003059e-02
4.724978907148464431e-04 3.207164952744718384e-02
4.817202898920219974e-04 2.750571610351450549e-02
4.911544293990172593e-04 2.667413216015193655e-02
5.008058065664947999e-04 2.980182941711231187e-02
5.106793120032005048e-04 3.650214361357235343e-02
5.207791222125991671e-04 4.582943032587977888e-02
5.311089323240743591e-04 5.648919983689194152e-02
5.416720850720884665e-04 6.713236691045224025e-02
5.524718687455076232e-04 7.662971561390496955e-02
5.635117459766057291e-04 8.424273188863037887e-02
5.747956416984530701e-04 8.966185891191955082e-02
5.863279376040879962e-04 9.293720890881936036e-02
5.981136473822565780e-04 9.435524371540167377e-02
6.101583058008568268e-04 9.431216604639891532e-02
6.224679559699311743e-04 9.321558078594446850e-02
6.350490831595921115e-04 9.142426100168754566e-02
6.479085499637382778e-04 8.922156822692918487e-02
6.610535418031927932e-04 8.681219662166389517e-02
6.744915194660044359e-04 8.433192992312348035e-02
6.882301539897713082e-04 8.186270961904226762e-02
7.022774158795641423e-04 7.944822813851100396e-02
7.166414611037673224e-04 7.710764453737331547e-02
7.313306705522319923e-04 7.484632450428563288e-02
7.463536619964077252e-04 7.266337246240962833e-02
7.617192973489337812e-04 7.055603924831804763e-02
7.774366908840730974e-04 6.852124133886615398e-02
7.935151924856773077e-04 6.655449480945475893e-02
8.099644092067758176e-04 6.464658430525052624e-02
8.267942213853634367e-04 6.277832314356417143e-02
8.440148133351063229e-04 6.091381403184795845e-02
8.616366623429645884e-04 5.899285861254849328e-02
8.796706017697129842e-04 5.692377847461439766e-02
8.981278236297813222e-04 5.457931210168744801e-02
9.170200774271909053e-04 5.180060965857664901e-02
9.266905779582219503e-04 5.018462690686825017e-02
9.364758761126674210e-04 4.839543296889908114e-02
9.463775859557771539e-04 4.641756121473900043e-02
9.563974748799506818e-04 4.424283997315147515e-02
9.665373236792595621e-04 4.187387598899671576e-02
9.767989334538212595e-04 3.932778113117647162e-02
9.871842167185713654e-04 3.663971260336498087e-02
9.976951255148589718e-04 3.386565799076018957e-02
1.008333651211203597e-03 3.108361356103030854e-02
1.019101826150522246e-03 2.839231521185507645e-02
1.030001711708603300e-03 2.590680553280600221e-02
1.041035383215263175e-03 2.375050084627212954e-02
1.052204912551941724e-03 2.204406891569444388e-02
1.063512349775052853e-03 2.089223539032938198e-02
1.074959705557811509e-03 2.037040864436861706e-02
1.086548912318239515e-03 2.051348440883735136e-02
1.098281853195244269e-03 2.130913079294410525e-02
1.110160375465838985e-03 2.269717814412985230e-02
1.122186193560170122e-03 2.457550240162040961e-02
1.134361014601600057e-03 2.681148146595646251e-02
1.146686491062312400e-03 2.925687513617160340e-02
1.159164251831333202e-03 3.176346441010316490e-02
1.171795913188517857e-03 3.419686927029615131e-02
1.184583163548330164e-03 3.644669361188100642e-02
1.197527650049000185e-03 3.843208646894651082e-02
1.210631134233086225e-03 4.010293345586981445e-02
1.223895442722933635e-03 4.143744517375686637e-02
1.237322455135296973e-03 4.243741003581706639e-02
1.250914128171728111e-03 4.312234467155369455e-02
1.264672495888134697e-03 4.352356200382830054e-02
1.278599667734281768e-03 4.367886841595383651e-02
1.292697825123894761e-03 4.362827277014873217e-02
1.306969217202699676e-03 4.341082399691395532e-02
1.321416156348316192e-03 4.306251184675514293e-02
1.336041013794084849e-03 4.261506423574584063e-02
1.350846215638142923e-03 4.209543697391601030e-02
1.365834239390116686e-03 4.152579614024999588e-02
1.381007603483313737e-03 4.092382117158858273e-02
1.396368822705668826e-03 4.030319390113012989e-02
1.411920567759257245e-03 3.967416417449626947e-02
1.427665473699277991e-03 3.904414646410826056e-02
1.443606187531122848e-03 3.841828014477541298e-02
1.459745513886069688e-03 3.779993422104406531e-02
1.476086129708064536e-03 3.719116435451361863e-02
1.492630936030176110e-03 3.659307629848045085e-02
1.509382724368700524e-03 3.600614634730540248e-02
1.526344407108554341e-03 3.543045462782628413e-02
1.543518945956506285e-03 3.486586757805752029e-02
1.560909283648846896e-03 3.431216227997409274e-02
1.578518433565353216e-03 3.376909259499397131e-02
1.596349491022475446e-03 3.323640962031974844e-02
1.614405560774745613e-03 3.271384038530322086e-02
1.632689794287081522e-03 3.220102297378626272e-02
1.651205390565272822e-03 3.169740664993692808e-02
1.669955597053335468e-03 3.120211956203061687e-02
1.688943710636650695e-03 3.071380776219713449e-02
1.708173078800699586e-03 3.023044966792232113e-02
1.727647101007044432e-03 2.974915113789118951e-02
1.747369230359040572e-03 2.926592859556819901e-02
1.767342917095571231e-03 2.877549322034941154e-02
1.787571755681836936e-03 2.827104823459886812e-02
1.808059389600144779e-03 2.774413887443363119e-02
1.828809435029291703e-03 2.718459231230389503e-02
1.849825671603781089e-03 2.658060298661720985e-02
1.871111918177242091e-03 2.591906209351333215e-02
1.892672041746281536e-03 2.518622456440098092e-02
1.914510035055592236e-03 2.436883027217948833e-02
1.936629992137063518e-03 2.345579093865542142e-02
1.959035986620956838e-03 2.244050095787891719e-02
1.981732367890200446e-03 2.132369343608379181e-02
2.004723491272977082e-03 2.011664192411149327e-02
2.028013812600056639e-03 1.884416878876335466e-02
2.051607864361436589e-03 1.754669800931119364e-02
2.075510349195339773e-03 1.628035250576052168e-02
2.099725993757677912e-03 1.511414788963524880e-02
2.124259576141941316e-03 1.412368826288268840e-02
2.149115899398540940e-03 1.338163604650039959e-02
2.174299748873963906e-03 1.294633191720225354e-02
2.199815859910427083e-03 1.285096736425318104e-02
2.225668993681777143e-03 1.309613946394778440e-02
2.251863826585876350e-03 1.364806665669793077e-02
2.278404943740201805e-03 1.444325835198065865e-02
2.305296889320272019e-03 1.539856062650066248e-02
2.332544344404865067e-03 1.642398550376620095e-02
2.360151758803062921e-03 1.743515883178555631e-02
2.388123962102609195e-03 1.836285156928041395e-02
2.416465530543186659e-03 1.915817108603725880e-02
2.445181455476873062e-03 1.979351459422220780e-02
2.474276693647733082e-03 2.026019569985573060e-02
2.503756273288808027e-03 2.056420026910619689e-02
2.533625539937405836e-03 2.072136243356389324e-02
2.563889872091366755e-03 2.075290759423917622e-02
2.594554782013241707e-03 2.068189223564959739e-02
2.625625910172113813e-03 2.053069023865499582e-02
2.657109019319465679e-03 2.031945007342323903e-02
2.689009988914477234e-03 2.006532968784389276e-02
2.721334810327513589e-03 1.978228726430191625e-02
2.754089583026954335e-03 1.948122759167091392e-02
2.787280511798776155e-03 1.917034663160313915e-02
2.820913904947520544e-03 1.885556260358215927e-02
2.854996173372256491e-03 1.854096132718928772e-02
2.889533720279485480e-03 1.822921443957317006e-02
2.924533216993040283e-03 1.792194426537278146e-02
2.960001412131423905e-03 1.762003451089970765e-02
2.995944926584117977e-03 1.732388115161790504e-02
3.032370856486526177e-03 1.703357979534305539e-02
3.069286029054277276e-03 1.674907184575652117e-02
3.106697724178133536e-03 1.647023136761251172e-02
3.144612955037451221e-03 1.619692076166177885e-02
3.183039194294397765e-03 1.592899759938663784e-02
3.221983864815493835e-03 1.566629706885738424e-02
3.261454400068071555e-03 1.540858037647252141e-02
3.301458518776902683e-03 1.515545587126605233e-02
3.342004008755135921e-03 1.490628084786714547e-02
3.383098747706966836e-03 1.466004259126389708e-02
3.424750736393456906e-03 1.441522446600165472e-02
3.466968101657850066e-03 1.416966327744623340e-02
3.509759099985209664e-03 1.392040733076876577e-02
3.553132121734618558e-03 1.366359120860368218e-02
3.597095696183105762e-03 1.339435336565901122e-02
3.641658497503289741e-03 1.310683701126368582e-02
3.686829278744981498e-03 1.279433350970931964e-02
3.732616999234820987e-03 1.244964464558764687e-02
3.779030880472883901e-03 1.206575711610293963e-02
3.826080174100971853e-03 1.163691907892082204e-02
3.873774290223148432e-03 1.116015985351776797e-02
3.922123067194424086e-03 1.063719761800164740e-02
3.971136127180753886e-03 1.007651484625838277e-02
4.020823756823125629e-03 9.495104076744481300e-03
4.071196016811062107e-03 8.919213116075793563e-03
4.122263364981172164e-03 8.383248645971440663e-03
4.174036392871593656e-03 7.926273120486543658e-03
4.226525656270649876e-03 7.586119829826707024e-03
4.279741847822152861e-03 7.392116087526974175e-03
4.333695813796802770e-03 7.358314829077283736e-03
4.388398342097619281e-03 7.479438155495456500e-03
4.443860255586616105e-03 7.731098309932644269e-03
4.500092427088500657e-03 8.074422784721311738e-03
4.557105808503965697e-03 8.463633149581924892e-03
4.614911468664047861e-03 8.854214651035724470e-03
4.673520633316026809e-03 9.209447687688141621e-03
4.732944721293144349e-03 9.504027329109286659e-03
4.793195218957998528e-03 9.724674601282843819e-03
4.854284092738392863e-03 9.868505472234121237e-03
4.916223501647990456e-03 9.940237134672494715e-03
4.979025675417727594e-03 9.949198416798043371e-03
5.042703220975485248e-03 9.906763120831602390e-03
5.107269095398067268e-03 9.824473669233693002e-03
5.172736139871478810e-03 9.712869938779710929e-03
5.239117899224630254e-03 9.580896106540750384e-03
5.306427712598925026e-03 9.435722549793234062e-03
5.374679402888198759e-03 9.282821730852418643e-03
5.443887027537164074e-03 9.126181606856910780e-03
5.514064583655478927e-03 8.968572533729273627e-03
5.585226572973869298e-03 8.811814950758270135e-03
5.657387676729358147e-03 8.657024636274138554e-03
5.730562732511402906e-03 8.504820635937630421e-03
5.804766809677048764e-03 8.355492983104041704e-03
5.880015212753484689e-03 8.209131797160479707e-03
5.956323485123577073e-03 8.065720802836519668e-03
6.033707412901261058e-03 7.925199094659640328e-03
6.112183028931659351e-03 7.787494940615143774e-03
6.191766616878992789e-03 7.652535148922068493e-03
6.272474715392496215e-03 7.520233199004466851e-03
6.354324122368013028e-03 7.390459017080627108e-03
6.437331842566782099e-03 7.262993102344540534e-03
6.521515005324861509e-03 7.137467390488335013e-03
6.606891417463133659e-03 7.013294442435931419e-03
6.693478855574192324e-03 6.889590979906707116e-03
6.781295223899126354e-03 6.765097493015887094e-03
6.870359273057669719e-03 6.638102865739035907e-03
6.960689200169162434e-03 6.506392042599760256e-03
7.052304464235313944e-03 6.367232363262319110e-03
7.145223954878509622e-03 6.217443739160400003e-03
7.239467498907382718e-03 6.053591029012098806e-03
7.335055075583707743e-03 5.872365334723555347e-03
7.432006635256998596e-03 5.671204941405110986e-03
7.530343033145691159e-03 5.449176802148974867e-03
7.630085253255126931e-03 5.208068595087947394e-03
7.731254609846383366e-03 4.953497472618679717e-03
7.833872784780329668e-03 4.695680525357672115e-03
7.937961817353480359e-03 4.449377036721786222e-03
8.043544085042084180e-03 4.232537272234056236e-03
8.150642276743835790e-03 4.063494223314816252e-03
8.259279362890278170e-03 3.957117405681193079e-03
8.369478569155689232e-03 3.920995296841750868e-03
8.481263361171541629e-03 3.953028247626405416e-03
8.594657445859649886e-03 4.041472187133891662e-03
8.709684791006434487e-03 4.167533882220267501e-03
8.826369435262019711e-03 4.309575682303645391e-03
8.944735970805577085e-03 4.447439874034679781e-03
9.064809546047275166e-03 4.565595531026420302e-03
9.186615193099732790e-03 4.654517261400258586e-03
9.310178846671127856e-03 4.710453132067204257e-03
9.435526756285665673e-03 4.734172257188562147e-03
9.562685480138761671e-03 4.729353654442809349e-03
9.691682297561152876e-03 4.701098852529011704e-03
9.822544874896959460e-03 4.654809827397641056e-03
9.955301036602087414e-03 4.595479784579801705e-03
1.008997971223196677e-02 4.527332913576371902e-03
1.022660977391210042e-02 4.453713068254235366e-03
1.036522046413884332e-02 4.377122749965722988e-03
1.050584203546142160e-02 4.299338319869583716e-03
1.064850487169337508e-02 4.221553150889846041e-03
1.079323983592145840e-02 4.144518392342794351e-03
1.094007827648554865e-02 4.068667761258241110e-03
1.108905203374964919e-02 3.994220543849973451e-03
1.124019344747250251e-02 3.921261977734734859e-03
1.139353536461855387e-02 3.849802450971843894e-03
1.154911114748628266e-02 3.779817789396405000e-03
1.170695468206496039e-02 3.711273039668936714e-03
1.186710038656578307e-02 3.644132010123361364e-03
1.202958322010607047e-02 3.578354611847053661e-03
1.219443869155685013e-02 3.513883813297391870e-03
1.236170262772709472e-02 3.450623921475949683e-03
1.253141155757565850e-02 3.388411339608080834e-03
1.270360295208101953e-02 3.326979607804229997e-03
1.287831435094688622e-02 3.265920880152316328e-03
1.305558382805030969e-02 3.204645787886768737e-03
1.323545087389530264e-02 3.142346955655687685e-03
1.341795413812504369e-02 3.077975894374622694e-03
1.360313472071578329e-02 3.010244303798410934e-03
1.379103240664846311e-02 2.937675519332927625e-03
1.398168950910782561e-02 2.858729593455595387e-03
1.417514749781864300e-02 2.772039862870625225e-03
1.437144938332569552e-02 2.676780735900147808e-03
1.457063885688905658e-02 2.573165120718894604e-03
1.477275971053681330e-02 2.463003822339947940e-03
1.497785691460399617e-02 2.350168962982000700e-03
1.518597632014707065e-02 2.240716291550469332e-03
1.539716421500936759e-02 2.142396834255870953e-03
1.561146758300201685e-02 2.063414470506621037e-03
1.582893408248856396e-02 2.010589540624697913e-03
1.604961202784876279e-02 1.987461596686432731e-03
1.627355038146372293e-02 1.993073452164188190e-03
1.650079876205457624e-02 2.022008483698909103e-03
1.673140747090733765e-02 2.065725365872072682e-03
1.696542753243959409e-02 2.114653557473023665e-03
1.720291074195652234e-02 2.160241423382196300e-03
1.744390971267516938e-02 2.196312820001455803e-03
1.768847791597942531e-02 2.219508926787331152e-03
1.793666971205918476e-02 2.228981264764149945e-03
1.818854006082695762e-02 2.225684614185245973e-03
1.844414493381969777e-02 2.211597887048697558e-03
1.870354186938098448e-02 2.189077319023486224e-03
1.896678869550340318e-02 2.160417684211610959e-03
1.923394371251302415e-02 2.127610490536367867e-03
1.950506769004685392e-02 2.092249723469382077e-03
1.978022048109382910e-02 2.055531581290745771e-03
2.005946456411140250e-02 2.018302399809119869e-03
2.034286203229365708e-02 1.981126478302950352e-03
2.063047718613133380e-02 1.944354604816558082e-03
2.092237384674973041e-02 1.908185853784920977e-03
2.121861869337675344e-02 1.872717720929941701e-03
2.151927746064589281e-02 1.837985682291992532e-03
2.182441838655943198e-02 1.803991159268181991e-03
2.213411049709065534e-02 1.770720641611077568e-03
2.244842312309697219e-02 1.738156473032393019e-03
2.276742720025647093e-02 1.706280489835682772e-03
2.309119517230136601e-02 1.675071936523942579e-03
2.341980015142241731e-02 1.644500510352759313e-03
2.375331639733406844e-02 1.614515178594457326e-03
2.409181933592035793e-02 1.585029721577048932e-03
2.443538545052336211e-02 1.555905775986948097e-03
2.478409263909927412e-02 1.526934411927052771e-03
2.513802010392047689e-02 1.497818107988429549e-03
2.549724813944322099e-02 1.468156258573561192e-03
2.586185831080514350e-02 1.437439668625269075e-03
2.623193329890935802e-02 1.405062935298372713e-03
2.660755720444357014e-02 1.370367409852976583e-03
2.698881567672758997e-02 1.332730496143671789e-03
2.737579561178779541e-02 1.291715634666057476e-03
2.776858530582524201e-02 1.247286100958245898e-03
2.816727447941198489e-02 1.200059217948655282e-03
2.857195380657933867e-02 1.151534249888318436e-03
2.898271561949376449e-02 1.104179354488585025e-03
2.939965461654949277e-02 1.061244072322155892e-03
2.982286618512714968e-02 1.026217359186535607e-03
3.025244590598549776e-02 1.001996832993916038e-03
3.068849361979677712e-02 9.900246139073521929e-04
3.113110820657911601e-02 9.897523753090214840e-04
3.158039089245694847e-02 9.987050512337046840e-04
3.203644490672790529e-02 1.013141955341638652e-03
3.249937354625017510e-02 1.029028903315511775e-03
3.296928370694634375e-02 1.042928003814965962e-03
3.344628205055175801e-02 1.052524008036867390e-03
3.393047823920902761e-02 1.056726110727982358e-03
3.442198364731754306e-02 1.055458668967320561e-03
3.492090966268013991e-02 1.049315903184321920e-03
3.542737242314344254e-02 1.039223063270849640e-03
3.594148782842748052e-02 1.026179496046407619e-03
3.646337317588378008e-02 1.011100580769926528e-03
3.699314981056142648e-02 9.947426712022579016e-04
3.753093965833807083e-02 9.776848116501573888e-04
3.807686637859140216e-02 9.603424331953384213e-04
3.863105510727317393e-02 9.429954343939903625e-04
3.919363463867661657e-02 9.258196243710272453e-04
3.976473479021523649e-02 9.089160145150546955e-04
4.034448742633783141e-02 8.923352420717579978e-04
4.093302649096309392e-02 8.760966526186527315e-04
4.153048804077438122e-02 8.602022557498674796e-04
4.213701027926210207e-02 8.446461280646494919e-04
4.275273359143557522e-02 8.294199034032812955e-04
4.337780057916024862e-02 8.145149522375038156e-04
4.401235609710960756e-02 7.999217856799594470e-04
4.465654728935206791e-02 7.856271529807880901e-04
4.531052362662021243e-02 7.716092439884890582e-04
4.597443694434088374e-02 7.578313700053063845e-04
4.664844148152933606e-02 7.442345101870711686e-04
4.733269392067524645e-02 7.307292372788753163e-04
4.802735225941464486e-02 7.171878972699867070e-04
4.873257884522749078e-02 7.034384698374668071e-04
4.944853822619375838e-02 6.892629631378243251e-04
5.017539727436930164e-02 6.744044953972346034e-04
5.091332413989270445e-02 6.585892729024907591e-04
5.166249129164855042e-02 6.415706458608753590e-04
5.242307463077195556e-02 6.232013063865982604e-04
5.319525044277129133e-02 6.035327763678704311e-04
5.397919917944311863e-02 5.829264058889995978e-04
5.477510583039074676e-02 5.621386933296998629e-04
5.558315342276500676e-02 5.423235085619268828e-04
5.640353429360799031e-02 5.248936259180513476e-04
5.723643825365834492e-02 5.112270692555124065e-04
5.808206196379284147e-02 5.022830259043788636e-04
5.894060216689665094e-02 4.982738434122855730e-04
5.981226152050627548e-02 4.985504293518332230e-04
6.069724227369828473e-02 5.017705867581846984e-04
6.159575477619080169e-02 5.062776992107049243e-04
6.250800592555606772e-02 5.105205222802737010e-04
6.343421315764145862e-02 5.133543314005584082e-04
6.437459301591226535e-02 5.141531923591319275e-04
6.532936489394783330e-02 5.127597897386606445e-04
6.629875568346392523e-02 5.093479455563539732e-04
6.728299315867151964e-02 5.042706106904580772e-04
6.828230660606667002e-02 4.979372443832902426e-04
6.929693417943920408e-02 4.907347487841872639e-04
7.032711507449619648e-02 4.829877443002184522e-04
7.137309233342023496e-02 4.749464762867114213e-04
7.243511133614181918e-02 4.667908651742187472e-04
7.351342427583620887e-02 4.586419713931188039e-04
7.460828659472573676e-02 4.505755825300547805e-04
7.571995736550564404e-02 4.426349634931058463e-04
7.684869983686531958e-02 4.348415652393371536e-04
7.799478150559503720e-02 4.272033674204670666e-04
7.915847419051660894e-02 4.197209502010167733e-04
8.034005410818127746e-02 4.123915553005435197e-04
8.153980195031163003e-02 4.052114285720347878e-04
8.275800296299953840e-02 3.981767182420742454e-04
8.399494702769601251e-02 3.912831716053167359e-04
8.525092874406618726e-02 3.845248412968188512e-04
8.652624751480708643e-02 3.778919859013938265e-04
8.782120763254946949e-02 3.713683327219339473e-04
8.913611836899779095e-02 3.649278801880038873e-04
9.047129406648364569e-02 3.585314837017574536e-04
9.182705423212182694e-02 3.521236399318729846e-04
9.320372363477907873e-02 3.456302213145250653e-04
9.460163147190422950e-02 3.389584713007748719e-04
9.602111219631417893e-02 3.320013157145298857e-04
9.746250866283391601e-02 3.246488404248014468e-04
9.892616770341089438e-02 3.168101391025376998e-04
1.004124419417986303e-01 3.084474412977902986e-04
1.019216857691675332e-01 2.996205489252804551e-04
1.034542671460415286e-01 2.905316854715113807e-04
1.050105570124319210e-01 2.815511535746125014e-04
1.065909287219462959e-01 2.731971983863980009e-04
1.081957665689189940e-01 2.660502139890757968e-04
1.098254622594011382e-01 2.606080138002687713e-04
1.114804061064035984e-01 2.571274242363675590e-04
1.131610055745602972e-01 2.555226227948199989e-04
1.148676678679237256e-01 2.553753962061041261e-04
1.166008083898479458e-01 2.560572223690386743e-04
1.183608529899973644e-01 2.569058026488292177e-04
1.201482281796685953e-01 2.573792918757889631e-04
1.219633764908574225e-01 2.571380883474728009e-04
1.238067390095162201e-01 2.560489882822404801e-04
1.256787727352357276e-01 2.541383648620116958e-04
1.275799370717556613e-01 2.515282659352012094e-04
1.295107009837019041e-01 2.483796398116649810e-04
1.314715461632600391e-01 2.448530879657639134e-04
1.334629510049096246e-01 2.410874631118968851e-04
1.354854176386670328e-01 2.371917855380241272e-04
1.375394489535343712e-01 2.332454511941428458e-04
1.396255521434019431e-01 2.293024399020527401e-04
1.417442552248884269e-01 2.253968531937289050e-04
1.438960895485845159e-01 2.215483953241460997e-04
1.460815936144154725e-01 2.177670239484150866e-04
1.483013187010705780e-01 2.140566042963161237e-04
1.505558289667202898e-01 2.104175976638185700e-04
1.528456963164930293e-01 2.068488874047037926e-04
1.551715034494485224e-01 2.033488475344104156e-04
1.575338441448134452e-01 1.999157935512510499e-04
1.599333212524906012e-01 1.965479209581639380e-04
1.623705540984201889e-01 1.932428080634049979e-04
1.648461719064013564e-01 1.899965970741792709e-04
1.673608159255529082e-01 1.868028933448935753e-04
1.699151401147797336e-01 1.836514727768096249e-04
1.725098115136128041e-01 1.805268963099087253e-04
1.751455106303987652e-01 1.774072011858421056e-04
1.778229318489635835e-01 1.742629783528652266e-04
1.805427838549301389e-01 1.710573769926097224e-04
1.833057893684006401e-01 1.677478975767213274e-04
1.861126844322091578e-01 1.642911628786688073e-04
1.889642258231462035e-01 1.606519588100215762e-04
1.918611840775677757e-01 1.568173395295447109e-04
1.948043464972998573e-01 1.528147682576528655e-04
1.977945174375158599e-01 1.487299645070009918e-04
2.008325112933594114e-01 1.447159101497673872e-04
2.039191764005938157e-01 1.409819983767443248e-04
2.070553729809367083e-01 1.377560436873146170e-04
2.102419705394911187e-01 1.352236798678235676e-04
2.134798774153010004e-01 1.334659620213866351e-04
2.167700109696400201e-01 1.324246318884855376e-04
2.201133113821032439e-01 1.319148145797792643e-04
2.235107481132527774e-01 1.316806084335790314e-04
2.269633051936544021e-01 1.314668264023796380e-04
2.304719986148708044e-01 1.310761229048402392e-04
2.340378699968939935e-01 1.303945891950784538e-04
2.376619753289482828e-01 1.293873861671005615e-04
2.413454176838646659e-01 1.280769721533705791e-04
2.450893179442769909e-01 1.265173866687961928e-04
2.488948223183876374e-01 1.247730789852187353e-04
2.527631169149713308e-01 1.229052261950790820e-04
2.566954200227499205e-01 1.209649140628072045e-04
2.606929815231597836e-01 1.189911268159033457e-04
2.647570872301437950e-01 1.170114862809408296e-04
2.688890605617665353e-01 1.150442221169620623e-04
2.730902643176580935e-01 1.131004432950887179e-04
2.773621025697666775e-01 1.111862346816464871e-04
2.817060221879263970e-01 1.093043859658059965e-04
2.861235056503368401e-01 1.074557149480212840e-04
2.906161012732988436e-01 1.056399929900974792e-04
2.951853994238610723e-01 1.038565617344050339e-04
2.998330230988613954e-01 1.021046636946367620e-04
3.045606874886551130e-01 1.003835173102429729e-04
3.093701225406192412e-01 9.869225606157889207e-05
3.142631565073533140e-01 9.702965690214553562e-05
3.192416612087259908e-01 9.539379984087808595e-05
3.243075698404161988e-01 9.378161107796781088e-05
3.294629011469603075e-01 9.218834828825302088e-05
3.347097425061372200e-01 9.060709046828723477e-05
3.400502593383937788e-01 8.902829493871150372e-05
3.454866956431943970e-01 8.743958470474078883e-05
3.510213862919160377e-01 8.582601496645539017e-05
3.566567682909052017e-01 8.417120527783785041e-05
3.623953575223878842e-01 8.245983029892236713e-05
3.682397948490203077e-01 8.068187480720726023e-05
3.741928039524384797e-01 7.883874308190317204e-05
3.802572536002931658e-01 7.695026356714163625e-05
3.864361211045914124e-01 7.506026458408120985e-05
3.927325174441059774e-01 7.323685299246169970e-05
3.991496959575558390e-01 7.156357722789068144e-05
4.056910385844592626e-01 7.012050872155178134e-05
4.123601261094571035e-01 6.895993651492592677e-05
4.191606568098545926e-01 6.808678400923634164e-05
4.260965482051927156e-01 6.745390058209768528e-05
4.331718899893939323e-01 6.697561428281572358e-05
4.403909789688000842e-01 6.655309563278058243e-05
4.477583104504828659e-01 6.609974280738309946e-05
4.552786489574534023e-01 6.555701062298573622e-05
4.629569730919120829e-01 6.489793729623147267e-05
4.707985320859765510e-01 6.412152313565654355e-05
4.788088667762597228e-01 6.324327177049563842e-05
4.869938287119194853e-01 6.228614911532153733e-05
4.953595650844981879e-01 6.127404750396926053e-05
5.039126018603597990e-01 6.022804552310424782e-05
5.126598133043421823e-01 5.916488879459405278e-05
5.216085115893276392e-01 5.809684757402213719e-05
5.307664026693811321e-01 5.703229833571408927e-05
5.401416753291949924e-01 5.597654298968582153e-05
5.497430396833740129e-01 5.493263552948599309e-05
5.595797100336259433e-01 5.390209982876559492e-05
5.696615058546307120e-01 5.288548335959450945e-05
5.799988931312357598e-01 5.188276966714317910e-05
5.906029932003749039e-01 5.089366384929120053e-05
6.014856951187027567e-01 4.991776052750501681e-05
6.126596618231244795e-01 4.895463578627596131e-05
6.241384539377728968e-01 4.800386086385742058e-05
6.359365745363269040e-01 4.706497148362158412e-05
6.480695469215032034e-01 4.613739588630748936e-05
6.605540355614737402e-01 4.522035279797158628e-05
6.734079181664787139e-01 4.431273644376917904e-05
6.866504222990822415e-01 4.341299019174688545e-05
7.003022316262350611e-01 4.251898936522200659e-05
7.143856384138052018e-01 4.162794891824587990e-05
7.289247144511532550e-01 4.073639350863387870e-05
7.439454465107031567e-01 3.984024951076580627e-05
7.594759764560043980e-01 3.893513181083623848e-05
7.755467896560864771e-01 3.801693520135374582e-05
7.921909776138790216e-01 3.708281268467987518e-05
8.094445138069840118e-01 3.613255944975540774e-05
8.273465672733888443e-01 3.517023795933839488e-05
8.459398598349303633e-01 3.420559365024043155e-05
8.652710738598368145e-01 3.325450142120037477e-05
8.853913186827108150e-01 3.233757512834593395e-05
9.063566652776744448e-01 3.147646137625181417e-05
9.282287124785016941e-01 3.068834511103142875e-05
9.510753317944425911e-01 2.998043350149932296e-05
